[0,0,0,0,0,0,0]: 18190
[0,0,0,0,0,0,1]: 263
[0,0,0,0,0,0,2]: 6
[0,0,0,0,0,1,0]: 644
[0,0,0,0,0,1,1]: 6
[0,0,0,0,0,2,0]: 156
[0,0,0,0,0,3,0]: 70
[0,0,0,0,1,0,0]: 5680
[0,0,0,0,1,0,1]: 8
[0,0,0,0,1,1,0]: 135
[0,0,0,0,1,2,0]: 40
[0,0,0,0,2,0,0]: 2927
[0,0,0,0,2,1,0]: 47
[0,0,0,0,3,0,0]: 2067
[0,0,0,0,4,0,0]: 1543
[0,0,0,0,5,0,0]: 1227
[0,0,0,0,6,0,0]: 987
[0,0,0,0,7,0,0]: 828
[0,0,0,0,8,0,0]: 651
[0,0,0,0,9,0,0]: 530
[0,0,0,0,10,0,0]: 429
[0,0,0,0,11,0,0]: 311
[0,0,0,0,12,0,0]: 241
[0,0,0,0,13,0,0]: 235
[0,0,0,0,14,0,0]: 220
[0,0,0,0,15,0,0]: 206
[0,0,0,0,16,0,0]: 196
[0,0,0,0,17,0,0]: 92
[0,0,0,0,18,0,0]: 91
[0,0,0,0,19,0,0]: 89
[0,0,0,0,20,0,0]: 86
[0,0,0,0,21,0,0]: 84
[0,0,0,0,22,0,0]: 83
[0,0,0,0,23,0,0]: 83
[0,0,0,0,24,0,0]: 82
[0,0,0,0,25,0,0]: 79
[0,0,0,0,26,0,0]: 74
[0,0,0,1,0,0,0]: 1626
[0,0,0,1,0,0,1]: 4
[0,0,0,1,0,1,0]: 60
[0,0,0,1,0,2,0]: 11
[0,0,0,1,1,0,0]: 722
[0,0,0,1,1,0,1]: 2
[0,0,0,1,1,1,0]: 27
[0,0,0,1,2,0,0]: 401
[0,0,0,1,3,0,0]: 288
[0,0,0,1,4,0,0]: 88
[0,0,0,1,5,0,0]: 42
[0,0,0,1,6,0,0]: 18
[0,0,0,1,7,0,0]: 18
[0,0,0,1,8,0,0]: 18
[0,0,0,2,0,0,0]: 438
[0,0,0,2,0,1,0]: 4
[0,0,0,2,1,0,0]: 210
[0,0,0,2,2,0,0]: 115
[0,0,0,2,3,0,0]: 36
[0,0,0,2,4,0,0]: 24
[0,0,0,3,0,0,0]: 139
[0,0,0,3,1,0,0]: 66
[0,0,0,3,2,0,0]: 26
[0,0,0,3,3,0,0]: 16
[0,0,0,3,4,0,0]: 8
[0,0,0,4,0,0,0]: 68
[0,0,0,4,1,0,0]: 20
[0,0,0,5,0,0,0]: 24
[0,0,0,6,0,0,0]: 13
[0,0,1,0,0,0,0]: 618
[0,0,1,0,0,0,1]: 2
[0,0,1,0,0,1,0]: 102
[0,0,1,0,0,2,0]: 44
[0,0,1,0,0,3,0]: 7
[0,0,1,0,1,0,0]: 46
[0,0,1,0,1,1,0]: 16
[0,0,1,0,2,0,0]: 10
[0,0,1,0,2,1,0]: 6
[0,0,1,1,0,0,0]: 31
[0,0,1,1,1,0,0]: 17
[0,0,2,0,0,0,0]: 80
[0,1,0,0,0,0,0]: 14770
[0,1,0,0,0,0,1]: 60
[0,1,0,0,0,1,0]: 462
[0,1,0,0,0,1,1]: 2
[0,1,0,0,0,2,0]: 122
[0,1,0,0,0,3,0]: 56
[0,1,0,0,1,0,0]: 5107
[0,1,0,0,1,0,1]: 4
[0,1,0,0,1,1,0]: 129
[0,1,0,0,1,2,0]: 39
[0,1,0,0,2,0,0]: 2834
[0,1,0,0,2,1,0]: 37
[0,1,0,0,3,0,0]: 2003
[0,1,0,0,4,0,0]: 1484
[0,1,0,0,5,0,0]: 1194
[0,1,0,0,6,0,0]: 659
[0,1,0,0,7,0,0]: 480
[0,1,0,0,8,0,0]: 264
[0,1,0,0,9,0,0]: 239
[0,1,0,0,10,0,0]: 194
[0,1,0,0,11,0,0]: 179
[0,1,0,0,12,0,0]: 146
[0,1,0,0,13,0,0]: 141
[0,1,0,0,14,0,0]: 80
[0,1,0,0,15,0,0]: 76
[0,1,0,1,0,0,0]: 1445
[0,1,0,1,0,0,1]: 4
[0,1,0,1,0,1,0]: 56
[0,1,0,1,0,2,0]: 11
[0,1,0,1,1,0,0]: 707
[0,1,0,1,1,0,1]: 2
[0,1,0,1,1,1,0]: 27
[0,1,0,1,2,0,0]: 387
[0,1,0,1,3,0,0]: 279
[0,1,0,1,4,0,0]: 87
[0,1,0,1,5,0,0]: 42
[0,1,0,1,6,0,0]: 18
[0,1,0,1,7,0,0]: 18
[0,1,0,1,8,0,0]: 18
[0,1,0,2,0,0,0]: 405
[0,1,0,2,0,1,0]: 4
[0,1,0,2,1,0,0]: 210
[0,1,0,2,2,0,0]: 115
[0,1,0,2,3,0,0]: 36
[0,1,0,2,4,0,0]: 24
[0,1,0,3,0,0,0]: 139
[0,1,0,3,1,0,0]: 66
[0,1,0,3,2,0,0]: 25
[0,1,0,3,3,0,0]: 15
[0,1,0,3,4,0,0]: 8
[0,1,0,4,0,0,0]: 57
[0,1,0,4,1,0,0]: 20
[0,1,0,5,0,0,0]: 21
[0,1,1,0,0,0,0]: 315
[0,1,1,0,0,1,0]: 79
[0,1,1,0,0,2,0]: 40
[0,1,1,0,1,0,0]: 43
[0,1,1,0,1,1,0]: 16
[0,1,1,0,2,0,0]: 10
[0,1,1,0,2,1,0]: 6
[0,1,1,1,0,0,0]: 31
[0,1,1,1,1,0,0]: 15
[0,1,2,0,0,0,0]: 53
[0,2,0,0,0,0,0]: 10018
[0,2,0,0,0,0,1]: 23
[0,2,0,0,0,1,0]: 352
[0,2,0,0,0,2,0]: 80
[0,2,0,0,0,3,0]: 41
[0,2,0,0,1,0,0]: 4222
[0,2,0,0,1,1,0]: 119
[0,2,0,0,1,2,0]: 37
[0,2,0,0,2,0,0]: 2468
[0,2,0,0,2,1,0]: 35
[0,2,0,0,3,0,0]: 1713
[0,2,0,0,4,0,0]: 1202
[0,2,0,0,5,0,0]: 956
[0,2,0,0,6,0,0]: 291
[0,2,0,0,7,0,0]: 222
[0,2,0,0,8,0,0]: 163
[0,2,0,0,9,0,0]: 138
[0,2,0,0,10,0,0]: 94
[0,2,0,0,11,0,0]: 32
[0,2,0,0,12,0,0]: 32
[0,2,0,0,13,0,0]: 32
[0,2,0,0,14,0,0]: 32
[0,2,0,1,0,0,0]: 1275
[0,2,0,1,0,1,0]: 47
[0,2,0,1,0,2,0]: 9
[0,2,0,1,1,0,0]: 680
[0,2,0,1,1,1,0]: 25
[0,2,0,1,2,0,0]: 374
[0,2,0,1,3,0,0]: 264
[0,2,0,1,4,0,0]: 56
[0,2,0,1,5,0,0]: 25
[0,2,0,1,6,0,0]: 15
[0,2,0,1,7,0,0]: 15
[0,2,0,2,0,0,0]: 384
[0,2,0,2,0,1,0]: 4
[0,2,0,2,1,0,0]: 194
[0,2,0,2,2,0,0]: 115
[0,2,0,2,3,0,0]: 24
[0,2,0,2,4,0,0]: 15
[0,2,0,3,0,0,0]: 113
[0,2,0,3,1,0,0]: 61
[0,2,0,3,2,0,0]: 12
[0,2,0,3,3,0,0]: 8
[0,2,0,3,4,0,0]: 8
[0,2,0,4,0,0,0]: 52
[0,2,0,4,1,0,0]: 8
[0,2,0,5,0,0,0]: 10
[0,2,1,0,0,0,0]: 238
[0,2,1,0,0,1,0]: 51
[0,2,1,0,0,2,0]: 20
[0,2,1,0,1,0,0]: 36
[0,2,1,0,1,1,0]: 15
[0,2,1,0,2,0,0]: 10
[0,2,1,0,2,1,0]: 6
[0,2,1,1,0,0,0]: 14
[0,2,1,1,1,0,0]: 12
[0,2,2,0,0,0,0]: 35
[0,3,0,0,0,0,0]: 7769
[0,3,0,0,0,1,0]: 263
[0,3,0,0,0,2,0]: 64
[0,3,0,0,0,3,0]: 34
[0,3,0,0,1,0,0]: 3558
[0,3,0,0,1,1,0]: 106
[0,3,0,0,1,2,0]: 34
[0,3,0,0,2,0,0]: 2161
[0,3,0,0,2,1,0]: 25
[0,3,0,0,3,0,0]: 1453
[0,3,0,0,4,0,0]: 888
[0,3,0,0,5,0,0]: 523
[0,3,0,0,6,0,0]: 215
[0,3,0,0,7,0,0]: 139
[0,3,0,0,8,0,0]: 87
[0,3,0,0,9,0,0]: 32
[0,3,0,0,10,0,0]: 31
[0,3,0,0,11,0,0]: 31
[0,3,0,0,12,0,0]: 31
[0,3,0,0,13,0,0]: 31
[0,3,0,0,14,0,0]: 30
[0,3,0,1,0,0,0]: 1126
[0,3,0,1,0,1,0]: 43
[0,3,0,1,1,0,0]: 615
[0,3,0,1,1,1,0]: 22
[0,3,0,1,2,0,0]: 356
[0,3,0,1,3,0,0]: 251
[0,3,0,1,4,0,0]: 42
[0,3,0,1,5,0,0]: 23
[0,3,0,1,6,0,0]: 13
[0,3,0,2,0,0,0]: 351
[0,3,0,2,1,0,0]: 168
[0,3,0,2,2,0,0]: 112
[0,3,0,2,3,0,0]: 23
[0,3,0,2,4,0,0]: 15
[0,3,0,3,0,0,0]: 108
[0,3,0,3,1,0,0]: 55
[0,3,0,3,2,0,0]: 12
[0,3,0,3,3,0,0]: 8
[0,3,0,3,4,0,0]: 8
[0,3,0,4,0,0,0]: 42
[0,3,0,5,0,0,0]: 10
[0,3,1,0,0,0,0]: 155
[0,3,1,0,0,1,0]: 43
[0,3,1,0,1,0,0]: 36
[0,3,1,0,1,1,0]: 15
[0,3,1,0,2,0,0]: 10
[0,3,1,0,2,1,0]: 6
[0,3,1,1,0,0,0]: 11
[0,3,1,1,1,0,0]: 9
[0,3,2,0,0,0,0]: 26
[0,4,0,0,0,0,0]: 6442
[0,4,0,0,0,1,0]: 210
[0,4,0,0,0,2,0]: 54
[0,4,0,0,1,0,0]: 3092
[0,4,0,0,1,1,0]: 91
[0,4,0,0,1,2,0]: 34
[0,4,0,0,2,0,0]: 1840
[0,4,0,0,2,1,0]: 25
[0,4,0,0,3,0,0]: 1171
[0,4,0,0,4,0,0]: 693
[0,4,0,0,5,0,0]: 292
[0,4,0,0,6,0,0]: 172
[0,4,0,0,7,0,0]: 33
[0,4,0,0,8,0,0]: 31
[0,4,0,0,9,0,0]: 31
[0,4,0,0,10,0,0]: 30
[0,4,0,0,11,0,0]: 30
[0,4,0,0,12,0,0]: 30
[0,4,0,0,13,0,0]: 30
[0,4,0,1,0,0,0]: 1028
[0,4,0,1,0,1,0]: 35
[0,4,0,1,1,0,0]: 573
[0,4,0,1,1,1,0]: 22
[0,4,0,1,2,0,0]: 333
[0,4,0,1,3,0,0]: 247
[0,4,0,1,4,0,0]: 42
[0,4,0,1,5,0,0]: 10
[0,4,0,2,0,0,0]: 313
[0,4,0,2,1,0,0]: 163
[0,4,0,2,2,0,0]: 65
[0,4,0,2,3,0,0]: 15
[0,4,0,2,4,0,0]: 15
[0,4,0,3,0,0,0]: 65
[0,4,0,3,1,0,0]: 50
[0,4,0,3,2,0,0]: 10
[0,4,0,3,3,0,0]: 8
[0,4,0,3,4,0,0]: 8
[0,4,0,4,0,0,0]: 33
[0,4,1,0,0,0,0]: 133
[0,4,1,0,0,1,0]: 40
[0,4,1,0,1,0,0]: 32
[0,4,1,0,1,1,0]: 15
[0,4,1,0,2,0,0]: 10
[0,4,1,1,0,0,0]: 11
[0,4,2,0,0,0,0]: 13
[0,5,0,0,0,0,0]: 5484
[0,5,0,0,0,1,0]: 163
[0,5,0,0,0,2,0]: 46
[0,5,0,0,1,0,0]: 2706
[0,5,0,0,1,1,0]: 76
[0,5,0,0,1,2,0]: 30
[0,5,0,0,2,0,0]: 1633
[0,5,0,0,2,1,0]: 25
[0,5,0,0,3,0,0]: 1000
[0,5,0,0,4,0,0]: 558
[0,5,0,0,5,0,0]: 245
[0,5,0,0,6,0,0]: 44
[0,5,0,0,7,0,0]: 31
[0,5,0,0,8,0,0]: 30
[0,5,0,0,9,0,0]: 30
[0,5,0,0,10,0,0]: 29
[0,5,0,0,11,0,0]: 29
[0,5,0,0,12,0,0]: 29
[0,5,0,1,0,0,0]: 887
[0,5,0,1,0,1,0]: 32
[0,5,0,1,1,0,0]: 526
[0,5,0,1,2,0,0]: 316
[0,5,0,1,3,0,0]: 207
[0,5,0,2,0,0,0]: 264
[0,5,0,2,1,0,0]: 146
[0,5,0,2,2,0,0]: 46
[0,5,0,3,0,0,0]: 55
[0,5,0,3,1,0,0]: 45
[0,5,1,0,0,0,0]: 104
[0,5,1,0,0,1,0]: 24
[0,5,1,0,1,0,0]: 26
[0,5,1,0,1,1,0]: 14
[0,6,0,0,0,0,0]: 4730
[0,6,0,0,0,1,0]: 145
[0,6,0,0,0,2,0]: 40
[0,6,0,0,1,0,0]: 2411
[0,6,0,0,1,1,0]: 57
[0,6,0,0,1,2,0]: 23
[0,6,0,0,2,0,0]: 1429
[0,6,0,0,2,1,0]: 23
[0,6,0,0,3,0,0]: 874
[0,6,0,0,4,0,0]: 463
[0,6,0,0,5,0,0]: 32
[0,6,0,0,6,0,0]: 31
[0,6,0,0,7,0,0]: 31
[0,6,0,0,8,0,0]: 30
[0,6,0,0,9,0,0]: 30
[0,6,0,0,10,0,0]: 25
[0,6,0,0,11,0,0]: 25
[0,6,0,0,12,0,0]: 25
[0,6,0,1,0,0,0]: 795
[0,6,0,1,1,0,0]: 492
[0,6,0,1,2,0,0]: 290
[0,6,0,1,3,0,0]: 154
[0,6,0,2,0,0,0]: 212
[0,6,0,2,1,0,0]: 129
[0,6,1,0,0,0,0]: 69
[0,6,1,0,1,0,0]: 25
[0,7,0,0,0,0,0]: 4080
[0,7,0,0,0,1,0]: 120
[0,7,0,0,0,2,0]: 31
[0,7,0,0,1,0,0]: 1830
[0,7,0,0,1,1,0]: 51
[0,7,0,0,2,0,0]: 1127
[0,7,0,0,3,0,0]: 769
[0,7,0,0,4,0,0]: 382
[0,7,0,0,5,0,0]: 28
[0,7,0,0,6,0,0]: 23
[0,7,0,0,7,0,0]: 23
[0,7,0,0,8,0,0]: 22
[0,7,0,0,9,0,0]: 22
[0,7,0,0,10,0,0]: 22
[0,7,0,1,0,0,0]: 714
[0,7,0,1,1,0,0]: 445
[0,7,0,1,2,0,0]: 253
[0,7,0,2,0,0,0]: 167
[0,7,0,2,1,0,0]: 79
[0,7,1,0,0,0,0]: 46
[0,8,0,0,0,0,0]: 3572
[0,8,0,0,0,1,0]: 94
[0,8,0,0,1,0,0]: 1636
[0,8,0,0,1,1,0]: 39
[0,8,0,0,2,0,0]: 1009
[0,8,0,0,3,0,0]: 689
[0,8,0,0,4,0,0]: 329
[0,8,0,1,0,0,0]: 629
[0,8,0,1,1,0,0]: 403
[0,8,0,1,2,0,0]: 179
[0,8,0,2,0,0,0]: 135
[0,9,0,0,0,0,0]: 3157
[0,9,0,0,0,1,0]: 73
[0,9,0,0,1,0,0]: 1427
[0,9,0,0,2,0,0]: 887
[0,9,0,0,3,0,0]: 629
[0,9,0,0,4,0,0]: 241
[0,9,0,1,0,0,0]: 553
[0,9,0,1,1,0,0]: 343
[0,9,0,1,2,0,0]: 146
[0,9,0,2,0,0,0]: 105
[0,10,0,0,0,0,0]: 2817
[0,10,0,0,1,0,0]: 1290
[0,10,0,0,2,0,0]: 828
[0,10,0,0,3,0,0]: 390
[0,10,0,1,0,0,0]: 498
[0,10,0,1,1,0,0]: 282
[0,11,0,0,0,0,0]: 2514
[0,11,0,0,1,0,0]: 1160
[0,11,0,0,2,0,0]: 722
[0,11,0,0,3,0,0]: 270
[0,11,0,1,0,0,0]: 434
[0,11,0,1,1,0,0]: 208
[0,12,0,0,0,0,0]: 2251
[0,12,0,0,1,0,0]: 1058
[0,12,0,0,2,0,0]: 643
[0,12,0,0,3,0,0]: 152
[0,12,0,1,0,0,0]: 360
[0,12,0,1,1,0,0]: 128
[0,13,0,0,0,0,0]: 1985
[0,13,0,0,1,0,0]: 973
[0,13,0,0,2,0,0]: 554
[0,13,0,1,0,0,0]: 321
[0,14,0,0,0,0,0]: 1799
[0,14,0,0,1,0,0]: 899
[0,14,0,0,2,0,0]: 416
[0,14,0,1,0,0,0]: 225
[0,15,0,0,0,0,0]: 1646
[0,15,0,0,1,0,0]: 800
[0,15,0,0,2,0,0]: 239
[0,16,0,0,0,0,0]: 1485
[0,16,0,0,1,0,0]: 727
[0,17,0,0,0,0,0]: 1381
[0,17,0,0,1,0,0]: 621
[0,18,0,0,0,0,0]: 1262
[0,18,0,0,1,0,0]: 505
[0,19,0,0,0,0,0]: 1120
[0,19,0,0,1,0,0]: 450
[0,20,0,0,0,0,0]: 1009
[0,20,0,0,1,0,0]: 360
[0,21,0,0,0,0,0]: 872
[0,22,0,0,0,0,0]: 811
[0,23,0,0,0,0,0]: 710
[0,24,0,0,0,0,0]: 606
[0,25,0,0,0,0,0]: 549
[0,26,0,0,0,0,0]: 469
[0,27,0,0,0,0,0]: 411
[0,28,0,0,0,0,0]: 385
[0,29,0,0,0,0,0]: 293
[1,0,0,0,0,0,0]: 12345
[1,0,0,0,0,0,1]: 30
[1,0,0,0,0,1,0]: 400
[1,0,0,0,0,1,1]: 2
[1,0,0,0,0,2,0]: 99
[1,0,0,0,0,3,0]: 47
[1,0,0,0,1,0,0]: 4063
[1,0,0,0,1,0,1]: 2
[1,0,0,0,1,1,0]: 120
[1,0,0,0,1,2,0]: 37
[1,0,0,0,2,0,0]: 2163
[1,0,0,0,2,1,0]: 36
[1,0,0,0,3,0,0]: 1456
[1,0,0,0,4,0,0]: 969
[1,0,0,0,5,0,0]: 676
[1,0,0,0,6,0,0]: 182
[1,0,0,0,7,0,0]: 149
[1,0,0,0,8,0,0]: 137
[1,0,0,0,9,0,0]: 112
[1,0,0,0,10,0,0]: 58
[1,0,0,0,11,0,0]: 28
[1,0,0,0,12,0,0]: 26
[1,0,0,1,0,0,0]: 1390
[1,0,0,1,0,0,1]: 4
[1,0,0,1,0,1,0]: 55
[1,0,0,1,1,0,0]: 661
[1,0,0,1,1,0,1]: 2
[1,0,0,1,1,1,0]: 27
[1,0,0,1,2,0,0]: 356
[1,0,0,1,3,0,0]: 258
[1,0,0,1,4,0,0]: 64
[1,0,0,1,5,0,0]: 17
[1,0,0,1,6,0,0]: 17
[1,0,0,1,7,0,0]: 17
[1,0,0,1,8,0,0]: 17
[1,0,0,2,0,0,0]: 401
[1,0,0,2,1,0,0]: 197
[1,0,0,2,2,0,0]: 108
[1,0,0,2,3,0,0]: 19
[1,0,0,3,0,0,0]: 131
[1,0,0,3,1,0,0]: 61
[1,0,0,4,0,0,0]: 57
[1,0,0,4,1,0,0]: 8
[1,0,0,5,0,0,0]: 21
[1,0,1,0,0,0,0]: 307
[1,0,1,0,0,1,0]: 66
[1,0,1,0,0,2,0]: 34
[1,0,1,0,0,3,0]: 7
[1,0,1,0,1,0,0]: 41
[1,0,1,0,1,1,0]: 16
[1,0,1,0,2,0,0]: 10
[1,0,1,0,2,1,0]: 6
[1,0,1,1,0,0,0]: 31
[1,0,1,1,1,0,0]: 17
[1,0,2,0,0,0,0]: 41
[1,1,0,0,0,0,0]: 9383
[1,1,0,0,0,0,1]: 22
[1,1,0,0,0,1,0]: 355
[1,1,0,0,0,1,1]: 2
[1,1,0,0,0,2,0]: 95
[1,1,0,0,0,3,0]: 45
[1,1,0,0,1,0,0]: 3859
[1,1,0,0,1,0,1]: 2
[1,1,0,0,1,1,0]: 117
[1,1,0,0,1,2,0]: 37
[1,1,0,0,2,0,0]: 2135
[1,1,0,0,2,1,0]: 36
[1,1,0,0,3,0,0]: 1431
[1,1,0,0,4,0,0]: 957
[1,1,0,0,5,0,0]: 670
[1,1,0,0,6,0,0]: 142
[1,1,0,0,7,0,0]: 122
[1,1,0,0,8,0,0]: 114
[1,1,0,0,9,0,0]: 81
[1,1,0,0,10,0,0]: 29
[1,1,0,0,11,0,0]: 27
[1,1,0,0,12,0,0]: 25
[1,1,0,1,0,0,0]: 1293
[1,1,0,1,0,0,1]: 4
[1,1,0,1,0,1,0]: 53
[1,1,0,1,1,0,0]: 654
[1,1,0,1,1,0,1]: 2
[1,1,0,1,1,1,0]: 27
[1,1,0,1,2,0,0]: 354
[1,1,0,1,3,0,0]: 257
[1,1,0,1,4,0,0]: 64
[1,1,0,1,5,0,0]: 17
[1,1,0,1,6,0,0]: 17
[1,1,0,1,7,0,0]: 17
[1,1,0,1,8,0,0]: 17
[1,1,0,2,0,0,0]: 385
[1,1,0,2,1,0,0]: 197
[1,1,0,2,2,0,0]: 108
[1,1,0,2,3,0,0]: 19
[1,1,0,3,0,0,0]: 131
[1,1,0,3,1,0,0]: 61
[1,1,0,4,0,0,0]: 56
[1,1,0,4,1,0,0]: 8
[1,1,0,5,0,0,0]: 20
[1,1,1,0,0,0,0]: 265
[1,1,1,0,0,1,0]: 61
[1,1,1,0,0,2,0]: 34
[1,1,1,0,1,0,0]: 41
[1,1,1,0,1,1,0]: 16
[1,1,1,0,2,0,0]: 10
[1,1,1,0,2,1,0]: 6
[1,1,1,1,0,0,0]: 31
[1,1,1,1,1,0,0]: 15
[1,1,2,0,0,0,0]: 33
[1,2,0,0,0,0,0]: 7451
[1,2,0,0,0,0,1]: 9
[1,2,0,0,0,1,0]: 301
[1,2,0,0,0,2,0]: 79
[1,2,0,0,0,3,0]: 41
[1,2,0,0,1,0,0]: 3431
[1,2,0,0,1,1,0]: 110
[1,2,0,0,1,2,0]: 37
[1,2,0,0,2,0,0]: 1982
[1,2,0,0,2,1,0]: 34
[1,2,0,0,3,0,0]: 1316
[1,2,0,0,4,0,0]: 862
[1,2,0,0,5,0,0]: 561
[1,2,0,0,6,0,0]: 105
[1,2,0,0,7,0,0]: 60
[1,2,0,0,8,0,0]: 52
[1,2,0,0,9,0,0]: 25
[1,2,0,0,10,0,0]: 23
[1,2,0,1,0,0,0]: 1178
[1,2,0,1,0,1,0]: 47
[1,2,0,1,1,0,0]: 635
[1,2,0,1,1,1,0]: 25
[1,2,0,1,2,0,0]: 348
[1,2,0,1,3,0,0]: 245
[1,2,0,1,4,0,0]: 39
[1,2,0,1,5,0,0]: 14
[1,2,0,1,6,0,0]: 14
[1,2,0,1,7,0,0]: 14
[1,2,0,2,0,0,0]: 364
[1,2,0,2,1,0,0]: 185
[1,2,0,2,2,0,0]: 108
[1,2,0,2,3,0,0]: 19
[1,2,0,3,0,0,0]: 112
[1,2,0,3,1,0,0]: 55
[1,2,0,4,0,0,0]: 51
[1,2,0,4,1,0,0]: 8
[1,2,0,5,0,0,0]: 10
[1,2,1,0,0,0,0]: 213
[1,2,1,0,0,1,0]: 50
[1,2,1,0,0,2,0]: 20
[1,2,1,0,1,0,0]: 36
[1,2,1,0,1,1,0]: 15
[1,2,1,0,2,0,0]: 10
[1,2,1,0,2,1,0]: 6
[1,2,1,1,0,0,0]: 14
[1,2,1,1,1,0,0]: 12
[1,2,2,0,0,0,0]: 31
[1,3,0,0,0,0,0]: 6116
[1,3,0,0,0,1,0]: 244
[1,3,0,0,0,2,0]: 64
[1,3,0,0,0,3,0]: 34
[1,3,0,0,1,0,0]: 3033
[1,3,0,0,1,1,0]: 94
[1,3,0,0,1,2,0]: 34
[1,3,0,0,2,0,0]: 1805
[1,3,0,0,2,1,0]: 25
[1,3,0,0,3,0,0]: 1177
[1,3,0,0,4,0,0]: 671
[1,3,0,0,5,0,0]: 229
[1,3,0,0,6,0,0]: 25
[1,3,0,0,7,0,0]: 25
[1,3,0,0,8,0,0]: 24
[1,3,0,0,9,0,0]: 22
[1,3,0,0,10,0,0]: 22
[1,3,0,1,0,0,0]: 1051
[1,3,0,1,0,1,0]: 43
[1,3,0,1,1,0,0]: 583
[1,3,0,1,1,1,0]: 22
[1,3,0,1,2,0,0]: 331
[1,3,0,1,3,0,0]: 235
[1,3,0,1,4,0,0]: 37
[1,3,0,1,5,0,0]: 12
[1,3,0,1,6,0,0]: 12
[1,3,0,2,0,0,0]: 333
[1,3,0,2,1,0,0]: 158
[1,3,0,2,2,0,0]: 105
[1,3,0,2,3,0,0]: 18
[1,3,0,3,0,0,0]: 107
[1,3,0,3,1,0,0]: 54
[1,3,0,4,0,0,0]: 34
[1,3,0,5,0,0,0]: 10
[1,3,1,0,0,0,0]: 146
[1,3,1,0,0,1,0]: 42
[1,3,1,0,1,0,0]: 36
[1,3,1,0,1,1,0]: 15
[1,3,1,0,2,0,0]: 10
[1,3,1,0,2,1,0]: 6
[1,3,1,1,0,0,0]: 11
[1,3,1,1,1,0,0]: 9
[1,3,2,0,0,0,0]: 15
[1,4,0,0,0,0,0]: 5217
[1,4,0,0,0,1,0]: 196
[1,4,0,0,0,2,0]: 54
[1,4,0,0,1,0,0]: 2687
[1,4,0,0,1,1,0]: 86
[1,4,0,0,1,2,0]: 34
[1,4,0,0,2,0,0]: 1604
[1,4,0,0,2,1,0]: 25
[1,4,0,0,3,0,0]: 956
[1,4,0,0,4,0,0]: 545
[1,4,0,0,5,0,0]: 37
[1,4,0,0,6,0,0]: 24
[1,4,0,0,7,0,0]: 23
[1,4,0,0,8,0,0]: 23
[1,4,0,0,9,0,0]: 21
[1,4,0,0,10,0,0]: 21
[1,4,0,1,0,0,0]: 976
[1,4,0,1,0,1,0]: 35
[1,4,0,1,1,0,0]: 550
[1,4,0,1,1,1,0]: 22
[1,4,0,1,2,0,0]: 315
[1,4,0,1,3,0,0]: 231
[1,4,0,2,0,0,0]: 295
[1,4,0,2,1,0,0]: 152
[1,4,0,2,2,0,0]: 63
[1,4,0,3,0,0,0]: 57
[1,4,0,3,1,0,0]: 49
[1,4,0,4,0,0,0]: 33
[1,4,1,0,0,0,0]: 124
[1,4,1,0,0,1,0]: 39
[1,4,1,0,1,0,0]: 32
[1,4,1,0,1,1,0]: 15
[1,4,1,0,2,0,0]: 10
[1,4,1,1,0,0,0]: 11
[1,4,2,0,0,0,0]: 13
[1,5,0,0,0,0,0]: 4480
[1,5,0,0,0,1,0]: 151
[1,5,0,0,0,2,0]: 46
[1,5,0,0,1,0,0]: 2391
[1,5,0,0,1,1,0]: 67
[1,5,0,0,1,2,0]: 30
[1,5,0,0,2,0,0]: 1450
[1,5,0,0,2,1,0]: 25
[1,5,0,0,3,0,0]: 866
[1,5,0,0,4,0,0]: 437
[1,5,0,0,5,0,0]: 25
[1,5,0,0,6,0,0]: 23
[1,5,0,0,7,0,0]: 23
[1,5,0,0,8,0,0]: 23
[1,5,0,1,0,0,0]: 847
[1,5,0,1,0,1,0]: 32
[1,5,0,1,1,0,0]: 510
[1,5,0,1,2,0,0]: 301
[1,5,0,1,3,0,0]: 165
[1,5,0,2,0,0,0]: 250
[1,5,0,2,1,0,0]: 128
[1,5,0,3,0,0,0]: 45
[1,5,0,3,1,0,0]: 40
[1,5,1,0,0,0,0]: 101
[1,5,1,0,0,1,0]: 24
[1,5,1,0,1,0,0]: 26
[1,5,1,0,1,1,0]: 14
[1,6,0,0,0,0,0]: 3920
[1,6,0,0,0,1,0]: 138
[1,6,0,0,0,2,0]: 40
[1,6,0,0,1,0,0]: 2144
[1,6,0,0,1,1,0]: 57
[1,6,0,0,1,2,0]: 23
[1,6,0,0,2,0,0]: 1160
[1,6,0,0,2,1,0]: 23
[1,6,0,0,3,0,0]: 784
[1,6,0,0,4,0,0]: 392
[1,6,0,1,0,0,0]: 764
[1,6,0,1,1,0,0]: 478
[1,6,0,1,2,0,0]: 277
[1,6,0,1,3,0,0]: 85
[1,6,0,2,0,0,0]: 204
[1,6,0,2,1,0,0]: 109
[1,6,1,0,0,0,0]: 67
[1,6,1,0,1,0,0]: 25
[1,7,0,0,0,0,0]: 3409
[1,7,0,0,0,1,0]: 109
[1,7,0,0,0,2,0]: 31
[1,7,0,0,1,0,0]: 1672
[1,7,0,0,1,1,0]: 51
[1,7,0,0,2,0,0]: 1041
[1,7,0,0,3,0,0]: 707
[1,7,0,0,4,0,0]: 327
[1,7,0,1,0,0,0]: 684
[1,7,0,1,1,0,0]: 432
[1,7,0,1,2,0,0]: 232
[1,7,0,2,0,0,0]: 165
[1,7,0,2,1,0,0]: 72
[1,7,1,0,0,0,0]: 46
[1,8,0,0,0,0,0]: 2996
[1,8,0,0,0,1,0]: 94
[1,8,0,0,1,0,0]: 1495
[1,8,0,0,1,1,0]: 39
[1,8,0,0,2,0,0]: 934
[1,8,0,0,3,0,0]: 635
[1,8,0,0,4,0,0]: 278
[1,8,0,1,0,0,0]: 603
[1,8,0,1,1,0,0]: 386
[1,8,0,1,2,0,0]: 150
[1,8,0,2,0,0,0]: 131
[1,9,0,0,0,0,0]: 2676
[1,9,0,0,0,1,0]: 73
[1,9,0,0,1,0,0]: 1324
[1,9,0,0,2,0,0]: 829
[1,9,0,0,3,0,0]: 591
[1,9,0,1,0,0,0]: 533
[1,9,0,1,1,0,0]: 325
[1,9,0,1,2,0,0]: 101
[1,9,0,2,0,0,0]: 102
[1,10,0,0,0,0,0]: 2407
[1,10,0,0,1,0,0]: 1229
[1,10,0,0,2,0,0]: 793
[1,10,0,0,3,0,0]: 307
[1,10,0,1,0,0,0]: 472
[1,10,0,1,1,0,0]: 270
[1,11,0,0,0,0,0]: 2180
[1,11,0,0,1,0,0]: 1096
[1,11,0,0,2,0,0]: 686
[1,11,0,0,3,0,0]: 208
[1,11,0,1,0,0,0]: 402
[1,11,0,1,1,0,0]: 198
[1,12,0,0,0,0,0]: 1927
[1,12,0,0,1,0,0]: 1013
[1,12,0,0,2,0,0]: 586
[1,12,0,1,0,0,0]: 349
[1,12,0,1,1,0,0]: 120
[1,13,0,0,0,0,0]: 1747
[1,13,0,0,1,0,0]: 938
[1,13,0,0,2,0,0]: 504
[1,13,0,1,0,0,0]: 305
[1,14,0,0,0,0,0]: 1591
[1,14,0,0,1,0,0]: 835
[1,14,0,0,2,0,0]: 270
[1,14,0,1,0,0,0]: 216
[1,15,0,0,0,0,0]: 1465
[1,15,0,0,1,0,0]: 762
[1,16,0,0,0,0,0]: 1325
[1,16,0,0,1,0,0]: 669
[1,17,0,0,0,0,0]: 1218
[1,17,0,0,1,0,0]: 552
[1,18,0,0,0,0,0]: 1106
[1,18,0,0,1,0,0]: 469
[1,19,0,0,0,0,0]: 923
[1,19,0,0,1,0,0]: 412
[1,20,0,0,0,0,0]: 836
[1,21,0,0,0,0,0]: 717
[1,22,0,0,0,0,0]: 647
[1,23,0,0,0,0,0]: 526
[1,24,0,0,0,0,0]: 440
[1,25,0,0,0,0,0]: 322
[1,26,0,0,0,0,0]: 296
[2,0,0,0,0,0,0]: 8345
[2,0,0,0,0,1,0]: 287
[2,0,0,0,0,2,0]: 75
[2,0,0,0,0,3,0]: 30
[2,0,0,0,1,0,0]: 3112
[2,0,0,0,1,1,0]: 94
[2,0,0,0,1,2,0]: 37
[2,0,0,0,2,0,0]: 1677
[2,0,0,0,2,1,0]: 28
[2,0,0,0,3,0,0]: 1051
[2,0,0,0,4,0,0]: 581
[2,0,0,0,5,0,0]: 276
[2,0,0,0,6,0,0]: 24
[2,0,0,0,7,0,0]: 24
[2,0,0,0,8,0,0]: 24
[2,0,0,0,9,0,0]: 24
[2,0,0,0,10,0,0]: 24
[2,0,0,0,11,0,0]: 23
[2,0,0,1,0,0,0]: 1146
[2,0,0,1,0,1,0]: 45
[2,0,0,1,1,0,0]: 570
[2,0,0,1,1,1,0]: 25
[2,0,0,1,2,0,0]: 312
[2,0,0,1,3,0,0]: 133
[2,0,0,1,4,0,0]: 14
[2,0,0,1,5,0,0]: 13
[2,0,0,1,6,0,0]: 13
[2,0,0,2,0,0,0]: 314
[2,0,0,2,1,0,0]: 164
[2,0,0,2,2,0,0]: 38
[2,0,0,3,0,0,0]: 111
[2,0,0,3,1,0,0]: 34
[2,0,0,4,0,0,0]: 8
[2,0,1,0,0,0,0]: 178
[2,0,1,0,0,1,0]: 46
[2,0,1,0,0,2,0]: 7
[2,0,1,0,0,3,0]: 7
[2,0,1,0,1,0,0]: 36
[2,0,1,0,1,1,0]: 16
[2,0,1,0,2,0,0]: 10
[2,0,1,0,2,1,0]: 6
[2,0,1,1,0,0,0]: 14
[2,0,1,1,1,0,0]: 12
[2,0,2,0,0,0,0]: 32
[2,1,0,0,0,0,0]: 7117
[2,1,0,0,0,1,0]: 262
[2,1,0,0,0,2,0]: 75
[2,1,0,0,0,3,0]: 30
[2,1,0,0,1,0,0]: 3009
[2,1,0,0,1,1,0]: 94
[2,1,0,0,1,2,0]: 37
[2,1,0,0,2,0,0]: 1666
[2,1,0,0,2,1,0]: 28
[2,1,0,0,3,0,0]: 1037
[2,1,0,0,4,0,0]: 579
[2,1,0,0,5,0,0]: 27
[2,1,0,0,6,0,0]: 23
[2,1,0,0,7,0,0]: 23
[2,1,0,0,8,0,0]: 23
[2,1,0,0,9,0,0]: 23
[2,1,0,0,10,0,0]: 23
[2,1,0,1,0,0,0]: 1093
[2,1,0,1,0,1,0]: 43
[2,1,0,1,1,0,0]: 567
[2,1,0,1,1,1,0]: 25
[2,1,0,1,2,0,0]: 310
[2,1,0,1,3,0,0]: 133
[2,1,0,1,4,0,0]: 14
[2,1,0,1,5,0,0]: 13
[2,1,0,1,6,0,0]: 13
[2,1,0,2,0,0,0]: 308
[2,1,0,2,1,0,0]: 164
[2,1,0,2,2,0,0]: 38
[2,1,0,3,0,0,0]: 111
[2,1,0,3,1,0,0]: 32
[2,1,1,0,0,0,0]: 164
[2,1,1,0,0,1,0]: 43
[2,1,1,0,0,2,0]: 6
[2,1,1,0,1,0,0]: 36
[2,1,1,0,1,1,0]: 16
[2,1,1,0,2,0,0]: 10
[2,1,1,0,2,1,0]: 6
[2,1,1,1,0,0,0]: 14
[2,1,1,1,1,0,0]: 12
[2,1,2,0,0,0,0]: 26
[2,2,0,0,0,0,0]: 5966
[2,2,0,0,0,1,0]: 236
[2,2,0,0,0,2,0]: 62
[2,2,0,0,0,3,0]: 26
[2,2,0,0,1,0,0]: 2768
[2,2,0,0,1,1,0]: 94
[2,2,0,0,1,2,0]: 37
[2,2,0,0,2,0,0]: 1604
[2,2,0,0,2,1,0]: 27
[2,2,0,0,3,0,0]: 1005
[2,2,0,0,4,0,0]: 535
[2,2,0,0,5,0,0]: 22
[2,2,0,0,6,0,0]: 20
[2,2,0,0,7,0,0]: 20
[2,2,0,0,8,0,0]: 20
[2,2,0,0,9,0,0]: 19
[2,2,0,1,0,0,0]: 1020
[2,2,0,1,0,1,0]: 41
[2,2,0,1,1,0,0]: 553
[2,2,0,1,1,1,0]: 25
[2,2,0,1,2,0,0]: 298
[2,2,0,1,3,0,0]: 123
[2,2,0,1,4,0,0]: 11
[2,2,0,1,5,0,0]: 11
[2,2,0,2,0,0,0]: 301
[2,2,0,2,1,0,0]: 156
[2,2,0,2,2,0,0]: 38
[2,2,0,3,0,0,0]: 60
[2,2,0,3,1,0,0]: 25
[2,2,1,0,0,0,0]: 144
[2,2,1,0,0,1,0]: 36
[2,2,1,0,0,2,0]: 6
[2,2,1,0,1,0,0]: 36
[2,2,1,0,1,1,0]: 15
[2,2,1,0,2,0,0]: 10
[2,2,1,0,2,1,0]: 6
[2,2,1,1,0,0,0]: 14
[2,2,1,1,1,0,0]: 12
[2,2,2,0,0,0,0]: 15
[2,3,0,0,0,0,0]: 5071
[2,3,0,0,0,1,0]: 212
[2,3,0,0,0,2,0]: 54
[2,3,0,0,1,0,0]: 2533
[2,3,0,0,1,1,0]: 89
[2,3,0,0,1,2,0]: 34
[2,3,0,0,2,0,0]: 1498
[2,3,0,0,2,1,0]: 23
[2,3,0,0,3,0,0]: 944
[2,3,0,0,4,0,0]: 367
[2,3,0,0,5,0,0]: 21
[2,3,0,0,6,0,0]: 19
[2,3,0,0,7,0,0]: 19
[2,3,0,0,8,0,0]: 18
[2,3,0,0,9,0,0]: 18
[2,3,0,1,0,0,0]: 937
[2,3,0,1,0,1,0]: 39
[2,3,0,1,1,0,0]: 526
[2,3,0,1,1,1,0]: 22
[2,3,0,1,2,0,0]: 288
[2,3,0,1,3,0,0]: 123
[2,3,0,1,4,0,0]: 9
[2,3,0,2,0,0,0]: 285
[2,3,0,2,1,0,0]: 133
[2,3,0,3,0,0,0]: 31
[2,3,0,3,1,0,0]: 25
[2,3,1,0,0,0,0]: 126
[2,3,1,0,0,1,0]: 33
[2,3,1,0,1,0,0]: 36
[2,3,1,0,1,1,0]: 15
[2,3,1,0,2,0,0]: 10
[2,3,1,0,2,1,0]: 6
[2,3,1,1,0,0,0]: 11
[2,3,2,0,0,0,0]: 15
[2,4,0,0,0,0,0]: 4383
[2,4,0,0,0,1,0]: 159
[2,4,0,0,0,2,0]: 50
[2,4,0,0,1,0,0]: 2304
[2,4,0,0,1,1,0]: 86
[2,4,0,0,1,2,0]: 34
[2,4,0,0,2,0,0]: 1385
[2,4,0,0,2,1,0]: 23
[2,4,0,0,3,0,0]: 768
[2,4,0,0,4,0,0]: 334
[2,4,0,0,5,0,0]: 20
[2,4,0,0,6,0,0]: 18
[2,4,0,0,7,0,0]: 17
[2,4,0,0,8,0,0]: 17
[2,4,0,1,0,0,0]: 877
[2,4,0,1,0,1,0]: 32
[2,4,0,1,1,0,0]: 504
[2,4,0,1,1,1,0]: 22
[2,4,0,1,2,0,0]: 279
[2,4,0,1,3,0,0]: 44
[2,4,0,2,0,0,0]: 254
[2,4,0,2,1,0,0]: 127
[2,4,0,3,0,0,0]: 25
[2,4,0,3,1,0,0]: 21
[2,4,1,0,0,0,0]: 112
[2,4,1,0,0,1,0]: 30
[2,4,1,0,1,0,0]: 32
[2,4,1,0,1,1,0]: 15
[2,4,1,0,2,0,0]: 10
[2,4,1,1,0,0,0]: 11
[2,4,2,0,0,0,0]: 13
[2,5,0,0,0,0,0]: 3832
[2,5,0,0,0,1,0]: 140
[2,5,0,0,0,2,0]: 41
[2,5,0,0,1,0,0]: 2082
[2,5,0,0,1,1,0]: 65
[2,5,0,0,1,2,0]: 30
[2,5,0,0,2,0,0]: 1263
[2,5,0,0,2,1,0]: 23
[2,5,0,0,3,0,0]: 712
[2,5,0,0,4,0,0]: 297
[2,5,0,0,5,0,0]: 16
[2,5,0,1,0,0,0]: 782
[2,5,0,1,0,1,0]: 29
[2,5,0,1,1,0,0]: 482
[2,5,0,1,2,0,0]: 263
[2,5,0,2,0,0,0]: 213
[2,5,0,2,1,0,0]: 112
[2,5,1,0,0,0,0]: 94
[2,5,1,0,0,1,0]: 24
[2,5,1,0,1,0,0]: 26
[2,5,1,0,1,1,0]: 14
[2,6,0,0,0,0,0]: 3363
[2,6,0,0,0,1,0]: 126
[2,6,0,0,0,2,0]: 39
[2,6,0,0,1,0,0]: 1895
[2,6,0,0,1,1,0]: 57
[2,6,0,0,1,2,0]: 23
[2,6,0,0,2,0,0]: 1015
[2,6,0,0,2,1,0]: 21
[2,6,0,0,3,0,0]: 648
[2,6,0,0,4,0,0]: 237
[2,6,0,1,0,0,0]: 711
[2,6,0,1,1,0,0]: 446
[2,6,0,1,2,0,0]: 222
[2,6,0,2,0,0,0]: 173
[2,6,0,2,1,0,0]: 99
[2,6,1,0,0,0,0]: 60
[2,6,1,0,1,0,0]: 24
[2,7,0,0,0,0,0]: 2944
[2,7,0,0,0,1,0]: 98
[2,7,0,0,0,2,0]: 30
[2,7,0,0,1,0,0]: 1508
[2,7,0,0,1,1,0]: 51
[2,7,0,0,2,0,0]: 910
[2,7,0,0,3,0,0]: 525
[2,7,0,1,0,0,0]: 647
[2,7,0,1,1,0,0]: 406
[2,7,0,1,2,0,0]: 150
[2,7,0,2,0,0,0]: 149
[2,7,1,0,0,0,0]: 46
[2,8,0,0,0,0,0]: 2640
[2,8,0,0,0,1,0]: 86
[2,8,0,0,1,0,0]: 1335
[2,8,0,0,1,1,0]: 39
[2,8,0,0,2,0,0]: 829
[2,8,0,0,3,0,0]: 488
[2,8,0,1,0,0,0]: 571
[2,8,0,1,1,0,0]: 365
[2,8,0,1,2,0,0]: 111
[2,8,0,2,0,0,0]: 101
[2,9,0,0,0,0,0]: 2391
[2,9,0,0,0,1,0]: 63
[2,9,0,0,1,0,0]: 1201
[2,9,0,0,2,0,0]: 756
[2,9,0,0,3,0,0]: 416
[2,9,0,1,0,0,0]: 516
[2,9,0,1,1,0,0]: 298
[2,9,0,1,2,0,0]: 89
[2,9,0,2,0,0,0]: 77
[2,10,0,0,0,0,0]: 2138
[2,10,0,0,1,0,0]: 1125
[2,10,0,0,2,0,0]: 653
[2,10,0,1,0,0,0]: 444
[2,10,0,1,1,0,0]: 222
[2,11,0,0,0,0,0]: 1930
[2,11,0,0,1,0,0]: 998
[2,11,0,0,2,0,0]: 583
[2,11,0,1,0,0,0]: 393
[2,11,0,1,1,0,0]: 185
[2,12,0,0,0,0,0]: 1741
[2,12,0,0,1,0,0]: 911
[2,12,0,0,2,0,0]: 522
[2,12,0,1,0,0,0]: 334
[2,12,0,1,1,0,0]: 113
[2,13,0,0,0,0,0]: 1555
[2,13,0,0,1,0,0]: 841
[2,13,0,0,2,0,0]: 433
[2,13,0,1,0,0,0]: 278
[2,14,0,0,0,0,0]: 1430
[2,14,0,0,1,0,0]: 752
[2,14,0,0,2,0,0]: 199
[2,14,0,1,0,0,0]: 191
[2,15,0,0,0,0,0]: 1284
[2,15,0,0,1,0,0]: 665
[2,16,0,0,0,0,0]: 1151
[2,16,0,0,1,0,0]: 561
[2,17,0,0,0,0,0]: 1022
[2,17,0,0,1,0,0]: 492
[2,18,0,0,0,0,0]: 900
[2,18,0,0,1,0,0]: 382
[2,19,0,0,0,0,0]: 804
[2,19,0,0,1,0,0]: 346
[2,20,0,0,0,0,0]: 678
[2,21,0,0,0,0,0]: 609
[2,22,0,0,0,0,0]: 482
[2,23,0,0,0,0,0]: 394
[3,0,0,0,0,0,0]: 6364
[3,0,0,0,0,1,0]: 198
[3,0,0,0,0,2,0]: 53
[3,0,0,0,0,3,0]: 7
[3,0,0,0,1,0,0]: 2478
[3,0,0,0,1,1,0]: 82
[3,0,0,0,1,2,0]: 37
[3,0,0,0,2,0,0]: 1307
[3,0,0,0,2,1,0]: 26
[3,0,0,0,3,0,0]: 667
[3,0,0,0,4,0,0]: 257
[3,0,0,0,5,0,0]: 16
[3,0,0,0,6,0,0]: 15
[3,0,0,0,7,0,0]: 15
[3,0,0,1,0,0,0]: 935
[3,0,0,1,0,1,0]: 41
[3,0,0,1,1,0,0]: 488
[3,0,0,1,1,1,0]: 20
[3,0,0,1,2,0,0]: 238
[3,0,0,1,3,0,0]: 37
[3,0,0,1,4,0,0]: 14
[3,0,0,1,5,0,0]: 13
[3,0,0,1,6,0,0]: 13
[3,0,0,2,0,0,0]: 262
[3,0,0,2,1,0,0]: 117
[3,0,0,2,2,0,0]: 20
[3,0,0,3,0,0,0]: 29
[3,0,0,4,0,0,0]: 8
[3,0,1,0,0,0,0]: 120
[3,0,1,0,0,1,0]: 31
[3,0,1,0,0,2,0]: 7
[3,0,1,0,0,3,0]: 7
[3,0,1,0,1,0,0]: 33
[3,0,1,0,1,1,0]: 16
[3,0,1,0,2,0,0]: 10
[3,0,2,0,0,0,0]: 11
[3,1,0,0,0,0,0]: 5618
[3,1,0,0,0,1,0]: 190
[3,1,0,0,0,2,0]: 53
[3,1,0,0,1,0,0]: 2427
[3,1,0,0,1,1,0]: 82
[3,1,0,0,1,2,0]: 37
[3,1,0,0,2,0,0]: 1303
[3,1,0,0,2,1,0]: 26
[3,1,0,0,3,0,0]: 665
[3,1,0,0,4,0,0]: 257
[3,1,0,0,5,0,0]: 16
[3,1,0,0,6,0,0]: 15
[3,1,0,0,7,0,0]: 15
[3,1,0,1,0,0,0]: 913
[3,1,0,1,0,1,0]: 39
[3,1,0,1,1,0,0]: 482
[3,1,0,1,1,1,0]: 20
[3,1,0,1,2,0,0]: 238
[3,1,0,1,3,0,0]: 37
[3,1,0,1,4,0,0]: 14
[3,1,0,1,5,0,0]: 13
[3,1,0,1,6,0,0]: 13
[3,1,0,2,0,0,0]: 262
[3,1,0,2,1,0,0]: 117
[3,1,0,2,2,0,0]: 20
[3,1,0,3,0,0,0]: 28
[3,1,1,0,0,0,0]: 119
[3,1,1,0,0,1,0]: 31
[3,1,1,0,1,0,0]: 33
[3,1,1,0,1,1,0]: 16
[3,1,1,0,2,0,0]: 10
[3,1,2,0,0,0,0]: 11
[3,2,0,0,0,0,0]: 4887
[3,2,0,0,0,1,0]: 183
[3,2,0,0,0,2,0]: 52
[3,2,0,0,1,0,0]: 2293
[3,2,0,0,1,1,0]: 82
[3,2,0,0,1,2,0]: 37
[3,2,0,0,2,0,0]: 1275
[3,2,0,0,2,1,0]: 26
[3,2,0,0,3,0,0]: 626
[3,2,0,0,4,0,0]: 204
[3,2,0,0,5,0,0]: 13
[3,2,0,0,6,0,0]: 13
[3,2,0,1,0,0,0]: 866
[3,2,0,1,0,1,0]: 37
[3,2,0,1,1,0,0]: 474
[3,2,0,1,1,1,0]: 19
[3,2,0,1,2,0,0]: 227
[3,2,0,1,3,0,0]: 35
[3,2,0,2,0,0,0]: 258
[3,2,0,2,1,0,0]: 105
[3,2,0,2,2,0,0]: 20
[3,2,0,3,0,0,0]: 20
[3,2,1,0,0,0,0]: 109
[3,2,1,0,0,1,0]: 30
[3,2,1,0,1,0,0]: 33
[3,2,1,0,1,1,0]: 15
[3,2,1,0,2,0,0]: 10
[3,2,2,0,0,0,0]: 11
[3,3,0,0,0,0,0]: 4287
[3,3,0,0,0,1,0]: 174
[3,3,0,0,0,2,0]: 49
[3,3,0,0,1,0,0]: 2151
[3,3,0,0,1,1,0]: 81
[3,3,0,0,1,2,0]: 34
[3,3,0,0,2,0,0]: 1219
[3,3,0,0,2,1,0]: 23
[3,3,0,0,3,0,0]: 604
[3,3,0,0,4,0,0]: 11
[3,3,0,0,5,0,0]: 11
[3,3,0,1,0,0,0]: 815
[3,3,0,1,0,1,0]: 31
[3,3,0,1,1,0,0]: 454
[3,3,0,1,1,1,0]: 19
[3,3,0,1,2,0,0]: 226
[3,3,0,1,3,0,0]: 14
[3,3,0,2,0,0,0]: 242
[3,3,0,2,1,0,0]: 80
[3,3,0,3,0,0,0]: 20
[3,3,1,0,0,0,0]: 104
[3,3,1,0,0,1,0]: 30
[3,3,1,0,1,0,0]: 29
[3,3,1,0,1,1,0]: 15
[3,3,1,0,2,0,0]: 10
[3,3,2,0,0,0,0]: 11
[3,4,0,0,0,0,0]: 3785
[3,4,0,0,0,1,0]: 141
[3,4,0,0,0,2,0]: 46
[3,4,0,0,1,0,0]: 1994
[3,4,0,0,1,1,0]: 75
[3,4,0,0,1,2,0]: 34
[3,4,0,0,2,0,0]: 1155
[3,4,0,0,2,1,0]: 23
[3,4,0,0,3,0,0]: 571
[3,4,0,1,0,0,0]: 775
[3,4,0,1,0,1,0]: 31
[3,4,0,1,1,0,0]: 442
[3,4,0,1,1,1,0]: 19
[3,4,0,1,2,0,0]: 220
[3,4,0,1,3,0,0]: 8
[3,4,0,2,0,0,0]: 222
[3,4,0,2,1,0,0]: 67
[3,4,0,3,0,0,0]: 17
[3,4,1,0,0,0,0]: 98
[3,4,1,0,0,1,0]: 29
[3,4,1,0,1,0,0]: 29
[3,4,1,0,1,1,0]: 15
[3,4,1,0,2,0,0]: 10
[3,5,0,0,0,0,0]: 3350
[3,5,0,0,0,1,0]: 127
[3,5,0,0,0,2,0]: 39
[3,5,0,0,1,0,0]: 1795
[3,5,0,0,1,1,0]: 60
[3,5,0,0,1,2,0]: 30
[3,5,0,0,2,0,0]: 1085
[3,5,0,0,2,1,0]: 23
[3,5,0,0,3,0,0]: 528
[3,5,0,1,0,0,0]: 717
[3,5,0,1,0,1,0]: 29
[3,5,0,1,1,0,0]: 420
[3,5,0,1,2,0,0]: 161
[3,5,0,2,0,0,0]: 186
[3,5,0,2,1,0,0]: 67
[3,5,1,0,0,0,0]: 84
[3,5,1,0,0,1,0]: 24
[3,5,1,0,1,0,0]: 23
[3,5,1,0,1,1,0]: 14
[3,6,0,0,0,0,0]: 2915
[3,6,0,0,0,1,0]: 115
[3,6,0,0,0,2,0]: 37
[3,6,0,0,1,0,0]: 1641
[3,6,0,0,1,1,0]: 54
[3,6,0,0,1,2,0]: 23
[3,6,0,0,2,0,0]: 838
[3,6,0,0,2,1,0]: 21
[3,6,0,0,3,0,0]: 463
[3,6,0,1,0,0,0]: 662
[3,6,0,1,1,0,0]: 385
[3,6,0,1,2,0,0]: 150
[3,6,0,2,0,0,0]: 134
[3,6,0,2,1,0,0]: 51
[3,6,1,0,0,0,0]: 54
[3,6,1,0,1,0,0]: 22
[3,7,0,0,0,0,0]: 2593
[3,7,0,0,0,1,0]: 95
[3,7,0,0,0,2,0]: 30
[3,7,0,0,1,0,0]: 1303
[3,7,0,0,1,1,0]: 51
[3,7,0,0,2,0,0]: 770
[3,7,0,0,3,0,0]: 394
[3,7,0,1,0,0,0]: 582
[3,7,0,1,1,0,0]: 352
[3,7,0,1,2,0,0]: 106
[3,7,0,2,0,0,0]: 113
[3,7,1,0,0,0,0]: 46
[3,8,0,0,0,0,0]: 2311
[3,8,0,0,0,1,0]: 72
[3,8,0,0,1,0,0]: 1181
[3,8,0,0,1,1,0]: 39
[3,8,0,0,2,0,0]: 694
[3,8,0,0,3,0,0]: 374
[3,8,0,1,0,0,0]: 518
[3,8,0,1,1,0,0]: 321
[3,8,0,1,2,0,0]: 92
[3,8,0,2,0,0,0]: 75
[3,9,0,0,0,0,0]: 2086
[3,9,0,0,0,1,0]: 55
[3,9,0,0,1,0,0]: 1086
[3,9,0,0,2,0,0]: 633
[3,9,0,0,3,0,0]: 120
[3,9,0,1,0,0,0]: 477
[3,9,0,1,1,0,0]: 224
[3,10,0,0,0,0,0]: 1899
[3,10,0,0,1,0,0]: 1000
[3,10,0,0,2,0,0]: 579
[3,10,0,1,0,0,0]: 416
[3,10,0,1,1,0,0]: 171
[3,11,0,0,0,0,0]: 1693
[3,11,0,0,1,0,0]: 899
[3,11,0,0,2,0,0]: 528
[3,11,0,1,0,0,0]: 350
[3,11,0,1,1,0,0]: 154
[3,12,0,0,0,0,0]: 1527
[3,12,0,0,1,0,0]: 824
[3,12,0,0,2,0,0]: 449
[3,12,0,1,0,0,0]: 295
[3,13,0,0,0,0,0]: 1367
[3,13,0,0,1,0,0]: 761
[3,13,0,0,2,0,0]: 309
[3,13,0,1,0,0,0]: 244
[3,14,0,0,0,0,0]: 1251
[3,14,0,0,1,0,0]: 672
[3,15,0,0,0,0,0]: 1126
[3,15,0,0,1,0,0]: 592
[3,16,0,0,0,0,0]: 1017
[3,16,0,0,1,0,0]: 494
[3,17,0,0,0,0,0]: 918
[3,17,0,0,1,0,0]: 367
[3,18,0,0,0,0,0]: 776
[3,18,0,0,1,0,0]: 315
[3,19,0,0,0,0,0]: 649
[3,20,0,0,0,0,0]: 546
[3,21,0,0,0,0,0]: 460
[3,22,0,0,0,0,0]: 358
[4,0,0,0,0,0,0]: 4965
[4,0,0,0,0,1,0]: 148
[4,0,0,0,0,2,0]: 50
[4,0,0,0,1,0,0]: 1947
[4,0,0,0,1,1,0]: 69
[4,0,0,0,1,2,0]: 36
[4,0,0,0,2,0,0]: 874
[4,0,0,0,2,1,0]: 23
[4,0,0,0,3,0,0]: 432
[4,0,0,0,4,0,0]: 16
[4,0,0,0,5,0,0]: 16
[4,0,0,0,6,0,0]: 15
[4,0,0,0,7,0,0]: 15
[4,0,0,1,0,0,0]: 746
[4,0,0,1,0,1,0]: 36
[4,0,0,1,1,0,0]: 383
[4,0,0,1,2,0,0]: 186
[4,0,0,2,0,0,0]: 213
[4,0,0,2,1,0,0]: 62
[4,0,0,3,0,0,0]: 8
[4,0,0,4,0,0,0]: 8
[4,0,1,0,0,0,0]: 75
[4,0,1,0,0,1,0]: 28
[4,0,1,0,1,0,0]: 27
[4,0,1,0,1,1,0]: 11
[4,1,0,0,0,0,0]: 4488
[4,1,0,0,0,1,0]: 146
[4,1,0,0,0,2,0]: 50
[4,1,0,0,1,0,0]: 1917
[4,1,0,0,1,1,0]: 69
[4,1,0,0,1,2,0]: 36
[4,1,0,0,2,0,0]: 873
[4,1,0,0,2,1,0]: 23
[4,1,0,0,3,0,0]: 427
[4,1,0,0,4,0,0]: 16
[4,1,0,0,5,0,0]: 16
[4,1,0,0,6,0,0]: 15
[4,1,0,0,7,0,0]: 15
[4,1,0,1,0,0,0]: 738
[4,1,0,1,0,1,0]: 36
[4,1,0,1,1,0,0]: 383
[4,1,0,1,2,0,0]: 186
[4,1,0,2,0,0,0]: 213
[4,1,0,2,1,0,0]: 62
[4,1,1,0,0,0,0]: 75
[4,1,1,0,0,1,0]: 28
[4,1,1,0,1,0,0]: 27
[4,1,1,0,1,1,0]: 11
[4,2,0,0,0,0,0]: 3982
[4,2,0,0,0,1,0]: 142
[4,2,0,0,0,2,0]: 48
[4,2,0,0,1,0,0]: 1841
[4,2,0,0,1,1,0]: 69
[4,2,0,0,1,2,0]: 36
[4,2,0,0,2,0,0]: 848
[4,2,0,0,2,1,0]: 23
[4,2,0,0,3,0,0]: 398
[4,2,0,0,4,0,0]: 14
[4,2,0,0,5,0,0]: 13
[4,2,0,0,6,0,0]: 13
[4,2,0,1,0,0,0]: 717
[4,2,0,1,0,1,0]: 34
[4,2,0,1,1,0,0]: 362
[4,2,0,1,2,0,0]: 168
[4,2,0,2,0,0,0]: 210
[4,2,0,2,1,0,0]: 37
[4,2,1,0,0,0,0]: 73
[4,2,1,0,0,1,0]: 28
[4,2,1,0,1,0,0]: 27
[4,2,1,0,1,1,0]: 11
[4,3,0,0,0,0,0]: 3581
[4,3,0,0,0,1,0]: 136
[4,3,0,0,0,2,0]: 47
[4,3,0,0,1,0,0]: 1740
[4,3,0,0,1,1,0]: 69
[4,3,0,0,1,2,0]: 34
[4,3,0,0,2,0,0]: 817
[4,3,0,0,2,1,0]: 23
[4,3,0,0,3,0,0]: 394
[4,3,0,1,0,0,0]: 693
[4,3,0,1,0,1,0]: 31
[4,3,0,1,1,0,0]: 357
[4,3,0,1,2,0,0]: 163
[4,3,0,2,0,0,0]: 201
[4,3,0,2,1,0,0]: 35
[4,3,1,0,0,0,0]: 72
[4,3,1,0,0,1,0]: 28
[4,3,1,0,1,0,0]: 22
[4,3,1,0,1,1,0]: 11
[4,4,0,0,0,0,0]: 3173
[4,4,0,0,0,1,0]: 104
[4,4,0,0,0,2,0]: 44
[4,4,0,0,1,0,0]: 1635
[4,4,0,0,1,1,0]: 68
[4,4,0,0,1,2,0]: 34
[4,4,0,0,2,0,0]: 792
[4,4,0,0,2,1,0]: 23
[4,4,0,0,3,0,0]: 369
[4,4,0,1,0,0,0]: 671
[4,4,0,1,0,1,0]: 31
[4,4,0,1,1,0,0]: 345
[4,4,0,1,2,0,0]: 149
[4,4,0,2,0,0,0]: 134
[4,4,0,2,1,0,0]: 32
[4,4,1,0,0,0,0]: 64
[4,4,1,0,0,1,0]: 27
[4,4,1,0,1,0,0]: 22
[4,4,1,0,1,1,0]: 11
[4,5,0,0,0,0,0]: 2826
[4,5,0,0,0,1,0]: 97
[4,5,0,0,0,2,0]: 37
[4,5,0,0,1,0,0]: 1517
[4,5,0,0,1,1,0]: 58
[4,5,0,0,1,2,0]: 29
[4,5,0,0,2,0,0]: 734
[4,5,0,0,2,1,0]: 23
[4,5,0,0,3,0,0]: 332
[4,5,0,1,0,0,0]: 627
[4,5,0,1,0,1,0]: 29
[4,5,0,1,1,0,0]: 335
[4,5,0,1,2,0,0]: 108
[4,5,0,2,0,0,0]: 123
[4,5,0,2,1,0,0]: 29
[4,5,1,0,0,0,0]: 49
[4,5,1,0,0,1,0]: 18
[4,5,1,0,1,0,0]: 22
[4,6,0,0,0,0,0]: 2523
[4,6,0,0,0,1,0]: 88
[4,6,0,0,0,2,0]: 37
[4,6,0,0,1,0,0]: 1409
[4,6,0,0,1,1,0]: 49
[4,6,0,0,2,0,0]: 672
[4,6,0,0,3,0,0]: 315
[4,6,0,1,0,0,0]: 589
[4,6,0,1,1,0,0]: 302
[4,6,0,1,2,0,0]: 77
[4,6,0,2,0,0,0]: 85
[4,6,1,0,0,0,0]: 46
[4,6,1,0,1,0,0]: 21
[4,7,0,0,0,0,0]: 2259
[4,7,0,0,0,1,0]: 76
[4,7,0,0,0,2,0]: 29
[4,7,0,0,1,0,0]: 1092
[4,7,0,0,1,1,0]: 49
[4,7,0,0,2,0,0]: 607
[4,7,0,0,3,0,0]: 184
[4,7,0,1,0,0,0]: 535
[4,7,0,1,1,0,0]: 269
[4,7,0,1,2,0,0]: 73
[4,7,0,2,0,0,0]: 82
[4,8,0,0,0,0,0]: 2025
[4,8,0,0,0,1,0]: 65
[4,8,0,0,1,0,0]: 1008
[4,8,0,0,1,1,0]: 38
[4,8,0,0,2,0,0]: 560
[4,8,0,0,3,0,0]: 122
[4,8,0,1,0,0,0]: 481
[4,8,0,1,1,0,0]: 220
[4,8,0,2,0,0,0]: 63
[4,9,0,0,0,0,0]: 1844
[4,9,0,0,0,1,0]: 52
[4,9,0,0,1,0,0]: 928
[4,9,0,0,2,0,0]: 519
[4,9,0,1,0,0,0]: 411
[4,9,0,1,1,0,0]: 177
[4,10,0,0,0,0,0]: 1658
[4,10,0,0,1,0,0]: 841
[4,10,0,0,2,0,0]: 459
[4,10,0,1,0,0,0]: 345
[4,10,0,1,1,0,0]: 136
[4,11,0,0,0,0,0]: 1480
[4,11,0,0,1,0,0]: 767
[4,11,0,0,2,0,0]: 405
[4,11,0,1,0,0,0]: 299
[4,11,0,1,1,0,0]: 115
[4,12,0,0,0,0,0]: 1321
[4,12,0,0,1,0,0]: 722
[4,12,0,0,2,0,0]: 321
[4,12,0,1,0,0,0]: 246
[4,13,0,0,0,0,0]: 1164
[4,13,0,0,1,0,0]: 670
[4,13,0,0,2,0,0]: 132
[4,13,0,1,0,0,0]: 191
[4,14,0,0,0,0,0]: 1063
[4,14,0,0,1,0,0]: 551
[4,15,0,0,0,0,0]: 981
[4,15,0,0,1,0,0]: 458
[4,16,0,0,0,0,0]: 874
[4,16,0,0,1,0,0]: 385
[4,17,0,0,0,0,0]: 742
[4,17,0,0,1,0,0]: 319
[4,18,0,0,0,0,0]: 634
[4,18,0,0,1,0,0]: 284
[4,19,0,0,0,0,0]: 484
[4,20,0,0,0,0,0]: 379
[5,0,0,0,0,0,0]: 4016
[5,0,0,0,0,1,0]: 103
[5,0,0,0,0,2,0]: 40
[5,0,0,0,1,0,0]: 1312
[5,0,0,0,1,1,0]: 61
[5,0,0,0,1,2,0]: 27
[5,0,0,0,2,0,0]: 649
[5,0,0,0,3,0,0]: 312
[5,0,0,1,0,0,0]: 626
[5,0,0,1,0,1,0]: 22
[5,0,0,1,1,0,0]: 275
[5,0,0,1,2,0,0]: 95
[5,0,0,2,0,0,0]: 124
[5,0,1,0,0,0,0]: 49
[5,0,1,0,1,0,0]: 18
[5,1,0,0,0,0,0]: 3648
[5,1,0,0,0,1,0]: 102
[5,1,0,0,0,2,0]: 40
[5,1,0,0,1,0,0]: 1305
[5,1,0,0,1,1,0]: 61
[5,1,0,0,1,2,0]: 27
[5,1,0,0,2,0,0]: 649
[5,1,0,0,3,0,0]: 308
[5,1,0,1,0,0,0]: 619
[5,1,0,1,0,1,0]: 22
[5,1,0,1,1,0,0]: 275
[5,1,0,1,2,0,0]: 95
[5,1,0,2,0,0,0]: 123
[5,1,1,0,0,0,0]: 49
[5,1,1,0,1,0,0]: 18
[5,2,0,0,0,0,0]: 3262
[5,2,0,0,0,1,0]: 100
[5,2,0,0,0,2,0]: 39
[5,2,0,0,1,0,0]: 1286
[5,2,0,0,1,1,0]: 61
[5,2,0,0,1,2,0]: 27
[5,2,0,0,2,0,0]: 642
[5,2,0,0,3,0,0]: 263
[5,2,0,1,0,0,0]: 603
[5,2,0,1,1,0,0]: 267
[5,2,0,1,2,0,0]: 79
[5,2,0,2,0,0,0]: 121
[5,2,1,0,0,0,0]: 49
[5,2,1,0,1,0,0]: 18
[5,3,0,0,0,0,0]: 2953
[5,3,0,0,0,1,0]: 97
[5,3,0,0,0,2,0]: 33
[5,3,0,0,1,0,0]: 1222
[5,3,0,0,1,1,0]: 61
[5,3,0,0,2,0,0]: 628
[5,3,0,0,3,0,0]: 226
[5,3,0,1,0,0,0]: 584
[5,3,0,1,1,0,0]: 263
[5,3,0,1,2,0,0]: 76
[5,3,0,2,0,0,0]: 71
[5,3,1,0,0,0,0]: 48
[5,3,1,0,1,0,0]: 18
[5,4,0,0,0,0,0]: 2617
[5,4,0,0,0,1,0]: 92
[5,4,0,0,0,2,0]: 31
[5,4,0,0,1,0,0]: 1160
[5,4,0,0,1,1,0]: 60
[5,4,0,0,2,0,0]: 615
[5,4,0,0,3,0,0]: 120
[5,4,0,1,0,0,0]: 570
[5,4,0,1,1,0,0]: 248
[5,4,0,1,2,0,0]: 34
[5,4,0,2,0,0,0]: 57
[5,4,1,0,0,0,0]: 42
[5,4,1,0,1,0,0]: 18
[5,5,0,0,0,0,0]: 2361
[5,5,0,0,0,1,0]: 84
[5,5,0,0,1,0,0]: 1097
[5,5,0,0,1,1,0]: 57
[5,5,0,0,2,0,0]: 580
[5,5,0,0,3,0,0]: 119
[5,5,0,1,0,0,0]: 532
[5,5,0,1,1,0,0]: 222
[5,5,0,1,2,0,0]: 34
[5,5,0,2,0,0,0]: 49
[5,5,1,0,0,0,0]: 40
[5,5,1,0,1,0,0]: 18
[5,6,0,0,0,0,0]: 2108
[5,6,0,0,0,1,0]: 78
[5,6,0,0,1,0,0]: 1034
[5,6,0,0,1,1,0]: 49
[5,6,0,0,2,0,0]: 543
[5,6,0,0,3,0,0]: 56
[5,6,0,1,0,0,0]: 482
[5,6,0,1,1,0,0]: 191
[5,6,1,0,0,0,0]: 35
[5,7,0,0,0,0,0]: 1898
[5,7,0,0,0,1,0]: 68
[5,7,0,0,1,0,0]: 921
[5,7,0,0,1,1,0]: 49
[5,7,0,0,2,0,0]: 514
[5,7,0,0,3,0,0]: 38
[5,7,0,1,0,0,0]: 446
[5,7,0,1,1,0,0]: 184
[5,8,0,0,0,0,0]: 1701
[5,8,0,0,0,1,0]: 61
[5,8,0,0,1,0,0]: 852
[5,8,0,0,1,1,0]: 33
[5,8,0,0,2,0,0]: 467
[5,8,0,1,0,0,0]: 401
[5,8,0,1,1,0,0]: 176
[5,9,0,0,0,0,0]: 1546
[5,9,0,0,0,1,0]: 52
[5,9,0,0,1,0,0]: 798
[5,9,0,0,2,0,0]: 436
[5,9,0,1,0,0,0]: 322
[5,9,0,1,1,0,0]: 126
[5,10,0,0,0,0,0]: 1412
[5,10,0,0,1,0,0]: 734
[5,10,0,0,2,0,0]: 373
[5,10,0,1,0,0,0]: 283
[5,10,0,1,1,0,0]: 108
[5,11,0,0,0,0,0]: 1282
[5,11,0,0,1,0,0]: 669
[5,11,0,0,2,0,0]: 303
[5,11,0,1,0,0,0]: 238
[5,11,0,1,1,0,0]: 95
[5,12,0,0,0,0,0]: 1147
[5,12,0,0,1,0,0]: 611
[5,12,0,0,2,0,0]: 175
[5,12,0,1,0,0,0]: 176
[5,13,0,0,0,0,0]: 1020
[5,13,0,0,1,0,0]: 517
[5,13,0,0,2,0,0]: 115
[5,13,0,1,0,0,0]: 139
[5,14,0,0,0,0,0]: 943
[5,14,0,0,1,0,0]: 463
[5,15,0,0,0,0,0]: 873
[5,15,0,0,1,0,0]: 408
[5,16,0,0,0,0,0]: 701
[5,16,0,0,1,0,0]: 277
[5,17,0,0,0,0,0]: 604
[5,18,0,0,0,0,0]: 504
[5,19,0,0,0,0,0]: 362
[6,0,0,0,0,0,0]: 3201
[6,0,0,0,0,1,0]: 86
[6,0,0,0,1,0,0]: 1010
[6,0,0,0,1,1,0]: 57
[6,0,0,0,2,0,0]: 525
[6,0,0,0,3,0,0]: 48
[6,0,0,1,0,0,0]: 479
[6,0,0,1,1,0,0]: 210
[6,1,0,0,0,0,0]: 2923
[6,1,0,0,0,1,0]: 86
[6,1,0,0,1,0,0]: 1007
[6,1,0,0,1,1,0]: 57
[6,1,0,0,2,0,0]: 525
[6,1,0,0,3,0,0]: 48
[6,1,0,1,0,0,0]: 477
[6,1,0,1,1,0,0]: 210
[6,2,0,0,0,0,0]: 2647
[6,2,0,0,0,1,0]: 83
[6,2,0,0,1,0,0]: 999
[6,2,0,0,1,1,0]: 57
[6,2,0,0,2,0,0]: 490
[6,2,0,0,3,0,0]: 48
[6,2,0,1,0,0,0]: 474
[6,2,0,1,1,0,0]: 183
[6,3,0,0,0,0,0]: 2400
[6,3,0,0,0,1,0]: 83
[6,3,0,0,1,0,0]: 969
[6,3,0,0,1,1,0]: 57
[6,3,0,0,2,0,0]: 451
[6,3,0,0,3,0,0]: 48
[6,3,0,1,0,0,0]: 467
[6,3,0,1,1,0,0]: 182
[6,4,0,0,0,0,0]: 2167
[6,4,0,0,0,1,0]: 80
[6,4,0,0,1,0,0]: 928
[6,4,0,0,1,1,0]: 56
[6,4,0,0,2,0,0]: 448
[6,4,0,0,3,0,0]: 48
[6,4,0,1,0,0,0]: 450
[6,4,0,1,1,0,0]: 181
[6,5,0,0,0,0,0]: 1960
[6,5,0,0,0,1,0]: 76
[6,5,0,0,1,0,0]: 878
[6,5,0,0,1,1,0]: 53
[6,5,0,0,2,0,0]: 441
[6,5,0,0,3,0,0]: 48
[6,5,0,1,0,0,0]: 406
[6,5,0,1,1,0,0]: 140
[6,6,0,0,0,0,0]: 1769
[6,6,0,0,0,1,0]: 74
[6,6,0,0,1,0,0]: 824
[6,6,0,0,1,1,0]: 47
[6,6,0,0,2,0,0]: 433
[6,6,0,0,3,0,0]: 45
[6,6,0,1,0,0,0]: 382
[6,6,0,1,1,0,0]: 131
[6,7,0,0,0,0,0]: 1625
[6,7,0,0,0,1,0]: 62
[6,7,0,0,1,0,0]: 746
[6,7,0,0,1,1,0]: 44
[6,7,0,0,2,0,0]: 379
[6,7,0,0,3,0,0]: 33
[6,7,0,1,0,0,0]: 351
[6,7,0,1,1,0,0]: 121
[6,8,0,0,0,0,0]: 1482
[6,8,0,0,0,1,0]: 58
[6,8,0,0,1,0,0]: 696
[6,8,0,0,2,0,0]: 358
[6,8,0,1,0,0,0]: 325
[6,8,0,1,1,0,0]: 82
[6,9,0,0,0,0,0]: 1329
[6,9,0,0,0,1,0]: 48
[6,9,0,0,1,0,0]: 651
[6,9,0,0,2,0,0]: 318
[6,9,0,1,0,0,0]: 261
[6,9,0,1,1,0,0]: 61
[6,10,0,0,0,0,0]: 1201
[6,10,0,0,1,0,0]: 580
[6,10,0,0,2,0,0]: 268
[6,10,0,1,0,0,0]: 227
[6,11,0,0,0,0,0]: 1091
[6,11,0,0,1,0,0]: 539
[6,11,0,0,2,0,0]: 208
[6,11,0,1,0,0,0]: 195
[6,12,0,0,0,0,0]: 974
[6,12,0,0,1,0,0]: 481
[6,13,0,0,0,0,0]: 860
[6,13,0,0,1,0,0]: 435
[6,14,0,0,0,0,0]: 789
[6,14,0,0,1,0,0]: 388
[6,15,0,0,0,0,0]: 651
[6,15,0,0,1,0,0]: 304
[6,16,0,0,0,0,0]: 591
[6,17,0,0,0,0,0]: 493
[6,18,0,0,0,0,0]: 354
[7,0,0,0,0,0,0]: 2620
[7,0,0,0,0,1,0]: 75
[7,0,0,0,1,0,0]: 808
[7,0,0,0,1,1,0]: 43
[7,0,0,0,2,0,0]: 355
[7,0,0,0,3,0,0]: 34
[7,0,0,1,0,0,0]: 406
[7,0,0,1,1,0,0]: 93
[7,1,0,0,0,0,0]: 2436
[7,1,0,0,0,1,0]: 75
[7,1,0,0,1,0,0]: 806
[7,1,0,0,1,1,0]: 43
[7,1,0,0,2,0,0]: 355
[7,1,0,0,3,0,0]: 34
[7,1,0,1,0,0,0]: 405
[7,1,0,1,1,0,0]: 93
[7,2,0,0,0,0,0]: 2226
[7,2,0,0,0,1,0]: 73
[7,2,0,0,1,0,0]: 799
[7,2,0,0,1,1,0]: 43
[7,2,0,0,2,0,0]: 316
[7,2,0,0,3,0,0]: 34
[7,2,0,1,0,0,0]: 400
[7,2,0,1,1,0,0]: 81
[7,3,0,0,0,0,0]: 2013
[7,3,0,0,0,1,0]: 73
[7,3,0,0,1,0,0]: 764
[7,3,0,0,1,1,0]: 43
[7,3,0,0,2,0,0]: 316
[7,3,0,0,3,0,0]: 34
[7,3,0,1,0,0,0]: 395
[7,3,0,1,1,0,0]: 81
[7,4,0,0,0,0,0]: 1832
[7,4,0,0,0,1,0]: 66
[7,4,0,0,1,0,0]: 731
[7,4,0,0,1,1,0]: 40
[7,4,0,0,2,0,0]: 315
[7,4,0,0,3,0,0]: 34
[7,4,0,1,0,0,0]: 371
[7,4,0,1,1,0,0]: 81
[7,5,0,0,0,0,0]: 1662
[7,5,0,0,0,1,0]: 65
[7,5,0,0,1,0,0]: 690
[7,5,0,0,1,1,0]: 36
[7,5,0,0,2,0,0]: 309
[7,5,0,0,3,0,0]: 34
[7,5,0,1,0,0,0]: 339
[7,5,0,1,1,0,0]: 67
[7,6,0,0,0,0,0]: 1549
[7,6,0,0,0,1,0]: 64
[7,6,0,0,1,0,0]: 666
[7,6,0,0,1,1,0]: 33
[7,6,0,0,2,0,0]: 284
[7,6,0,1,0,0,0]: 320
[7,6,0,1,1,0,0]: 61
[7,7,0,0,0,0,0]: 1403
[7,7,0,0,0,1,0]: 58
[7,7,0,0,1,0,0]: 615
[7,7,0,0,2,0,0]: 234
[7,7,0,1,0,0,0]: 250
[7,8,0,0,0,0,0]: 1248
[7,8,0,0,0,1,0]: 48
[7,8,0,0,1,0,0]: 570
[7,8,0,0,2,0,0]: 202
[7,8,0,1,0,0,0]: 229
[7,9,0,0,0,0,0]: 1139
[7,9,0,0,1,0,0]: 535
[7,9,0,0,2,0,0]: 196
[7,9,0,1,0,0,0]: 170
[7,10,0,0,0,0,0]: 1044
[7,10,0,0,1,0,0]: 479
[7,10,0,0,2,0,0]: 105
[7,10,0,1,0,0,0]: 159
[7,11,0,0,0,0,0]: 925
[7,11,0,0,1,0,0]: 459
[7,11,0,0,2,0,0]: 62
[7,12,0,0,0,0,0]: 814
[7,12,0,0,1,0,0]: 385
[7,13,0,0,0,0,0]: 725
[7,13,0,0,1,0,0]: 318
[7,14,0,0,0,0,0]: 627
[7,14,0,0,1,0,0]: 234
[7,15,0,0,0,0,0]: 539
[7,16,0,0,0,0,0]: 465
[7,17,0,0,0,0,0]: 393
[8,0,0,0,0,0,0]: 2192
[8,0,0,0,0,1,0]: 59
[8,0,0,0,1,0,0]: 625
[8,0,0,0,2,0,0]: 135
[8,0,0,1,0,0,0]: 316
[8,1,0,0,0,0,0]: 2032
[8,1,0,0,0,1,0]: 59
[8,1,0,0,1,0,0]: 625
[8,1,0,0,2,0,0]: 135
[8,1,0,1,0,0,0]: 316
[8,2,0,0,0,0,0]: 1818
[8,2,0,0,0,1,0]: 59
[8,2,0,0,1,0,0]: 610
[8,2,0,0,2,0,0]: 135
[8,2,0,1,0,0,0]: 313
[8,3,0,0,0,0,0]: 1668
[8,3,0,0,0,1,0]: 59
[8,3,0,0,1,0,0]: 588
[8,3,0,0,2,0,0]: 135
[8,3,0,1,0,0,0]: 299
[8,4,0,0,0,0,0]: 1503
[8,4,0,0,0,1,0]: 58
[8,4,0,0,1,0,0]: 582
[8,4,0,0,2,0,0]: 135
[8,4,0,1,0,0,0]: 274
[8,5,0,0,0,0,0]: 1385
[8,5,0,0,0,1,0]: 57
[8,5,0,0,1,0,0]: 570
[8,5,0,0,2,0,0]: 128
[8,5,0,1,0,0,0]: 191
[8,6,0,0,0,0,0]: 1237
[8,6,0,0,0,1,0]: 50
[8,6,0,0,1,0,0]: 526
[8,6,0,0,2,0,0]: 128
[8,6,0,1,0,0,0]: 153
[8,7,0,0,0,0,0]: 1130
[8,7,0,0,0,1,0]: 50
[8,7,0,0,1,0,0]: 491
[8,7,0,0,2,0,0]: 106
[8,7,0,1,0,0,0]: 152
[8,8,0,0,0,0,0]: 983
[8,8,0,0,1,0,0]: 450
[8,8,0,0,2,0,0]: 103
[8,8,0,1,0,0,0]: 121
[8,9,0,0,0,0,0]: 908
[8,9,0,0,1,0,0]: 413
[8,9,0,0,2,0,0]: 97
[8,9,0,1,0,0,0]: 69
[8,10,0,0,0,0,0]: 808
[8,10,0,0,1,0,0]: 371
[8,10,0,0,2,0,0]: 56
[8,11,0,0,0,0,0]: 729
[8,11,0,0,1,0,0]: 311
[8,12,0,0,0,0,0]: 643
[8,12,0,0,1,0,0]: 302
[8,13,0,0,0,0,0]: 598
[8,13,0,0,1,0,0]: 230
[8,14,0,0,0,0,0]: 486
[8,15,0,0,0,0,0]: 425
[8,16,0,0,0,0,0]: 309
[9,0,0,0,0,0,0]: 1787
[9,0,0,0,1,0,0]: 463
[9,0,0,0,2,0,0]: 82
[9,0,0,1,0,0,0]: 145
[9,1,0,0,0,0,0]: 1631
[9,1,0,0,1,0,0]: 463
[9,1,0,0,2,0,0]: 82
[9,1,0,1,0,0,0]: 145
[9,2,0,0,0,0,0]: 1481
[9,2,0,0,1,0,0]: 461
[9,2,0,0,2,0,0]: 82
[9,2,0,1,0,0,0]: 138
[9,3,0,0,0,0,0]: 1344
[9,3,0,0,1,0,0]: 446
[9,3,0,0,2,0,0]: 82
[9,3,0,1,0,0,0]: 130
[9,4,0,0,0,0,0]: 1200
[9,4,0,0,1,0,0]: 424
[9,4,0,0,2,0,0]: 82
[9,4,0,1,0,0,0]: 129
[9,5,0,0,0,0,0]: 1090
[9,5,0,0,1,0,0]: 409
[9,5,0,0,2,0,0]: 81
[9,5,0,1,0,0,0]: 113
[9,6,0,0,0,0,0]: 990
[9,6,0,0,1,0,0]: 387
[9,6,0,0,2,0,0]: 81
[9,6,0,1,0,0,0]: 108
[9,7,0,0,0,0,0]: 894
[9,7,0,0,1,0,0]: 367
[9,7,0,0,2,0,0]: 80
[9,8,0,0,0,0,0]: 830
[9,8,0,0,1,0,0]: 307
[9,8,0,0,2,0,0]: 80
[9,9,0,0,0,0,0]: 747
[9,9,0,0,1,0,0]: 277
[9,10,0,0,0,0,0]: 669
[9,10,0,0,1,0,0]: 256
[9,11,0,0,0,0,0]: 589
[9,11,0,0,1,0,0]: 239
[9,12,0,0,0,0,0]: 505
[9,12,0,0,1,0,0]: 218
[9,13,0,0,0,0,0]: 466
[9,13,0,0,1,0,0]: 96
[9,14,0,0,0,0,0]: 402
[9,15,0,0,0,0,0]: 331
[10,0,0,0,0,0,0]: 1418
[10,0,0,0,1,0,0]: 304
[10,1,0,0,0,0,0]: 1294
[10,1,0,0,1,0,0]: 304
[10,2,0,0,0,0,0]: 1189
[10,2,0,0,1,0,0]: 304
[10,3,0,0,0,0,0]: 1061
[10,3,0,0,1,0,0]: 290
[10,4,0,0,0,0,0]: 996
[10,4,0,0,1,0,0]: 281
[10,5,0,0,0,0,0]: 901
[10,5,0,0,1,0,0]: 272
[10,6,0,0,0,0,0]: 799
[10,6,0,0,1,0,0]: 257
[10,7,0,0,0,0,0]: 724
[10,7,0,0,1,0,0]: 252
[10,8,0,0,0,0,0]: 648
[10,8,0,0,1,0,0]: 229
[10,9,0,0,0,0,0]: 591
[10,9,0,0,1,0,0]: 216
[10,10,0,0,0,0,0]: 511
[10,10,0,0,1,0,0]: 205
[10,11,0,0,0,0,0]: 478
[10,11,0,0,1,0,0]: 141
[10,12,0,0,0,0,0]: 432
[10,13,0,0,0,0,0]: 281
[10,14,0,0,0,0,0]: 229
[11,0,0,0,0,0,0]: 1157
[11,0,0,0,1,0,0]: 194
[11,1,0,0,0,0,0]: 1041
[11,1,0,0,1,0,0]: 194
[11,2,0,0,0,0,0]: 947
[11,2,0,0,1,0,0]: 189
[11,3,0,0,0,0,0]: 881
[11,3,0,0,1,0,0]: 189
[11,4,0,0,0,0,0]: 819
[11,4,0,0,1,0,0]: 188
[11,5,0,0,0,0,0]: 667
[11,5,0,0,1,0,0]: 186
[11,6,0,0,0,0,0]: 604
[11,6,0,0,1,0,0]: 186
[11,7,0,0,0,0,0]: 548
[11,7,0,0,1,0,0]: 185
[11,8,0,0,0,0,0]: 478
[11,8,0,0,1,0,0]: 185
[11,9,0,0,0,0,0]: 443
[11,10,0,0,0,0,0]: 316
[11,11,0,0,0,0,0]: 290
[11,12,0,0,0,0,0]: 227
[12,0,0,0,0,0,0]: 878
[12,1,0,0,0,0,0]: 780
[12,2,0,0,0,0,0]: 691
[12,3,0,0,0,0,0]: 632
[12,4,0,0,0,0,0]: 550
[12,5,0,0,0,0,0]: 474
[12,6,0,0,0,0,0]: 372
[12,7,0,0,0,0,0]: 347
[12,8,0,0,0,0,0]: 287
[12,9,0,0,0,0,0]: 258
[12,10,0,0,0,0,0]: 199
[13,0,0,0,0,0,0]: 629
[13,1,0,0,0,0,0]: 517
[13,2,0,0,0,0,0]: 476
[13,3,0,0,0,0,0]: 393
