1 4816
10 7520
18 4449
24 2850
24 3107
24 5285
24 40
24 5291
24 4401
24 3927
24 14361
24 987
24 446
40 1088
40 4192
40 5410
40 5411
40 5412
40 5413
40 5414
40 5415
40 5416
40 649
40 5418
40 5419
40 5420
40 5421
40 120
40 5417
40 3486
55 4818
56 560
56 3878
59 851
59 5926
78 8584
78 246
89 872
89 1000
90 872
98 120
108 262
109 5291
110 3927
120 2853
120 4935
120 5353
120 354
120 5363
120 283
120 446
121 2853
124 7585
130 8310
131 2058
138 3927
139 1550
140 5291
164 744
164 9964
164 3893
171 3964
190 1875
196 10437
196 14327
202 407
226 14624
226 4250
226 3860
234 2851
234 3885
259 9378
265 3107
265 3964
265 3927
267 2992
267 5401
267 1142
274 871
278 2272
278 2880
278 8327
278 8604
278 16202
278 9777
278 15732
278 8601
278 8603
278 4796
278 8605
278 8606
279 3811
280 9649
300 8292
300 6484
300 301
300 853
306 2851
307 3107
307 1875
318 4675
318 5455
344 3964
354 1376
354 446
384 851
415 1000
423 4449
429 4449
429 2850
429 871
429 5291
429 3885
429 1875
429 987
436 2785
446 3875
446 751
446 851
446 3893
446 3385
449 1550
450 2853
457 4852
457 4414
473 9649
495 752
511 5091
564 2058
564 987
565 7576
579 4250
579 3860
583 4903
586 1550
592 5353
601 6848
622 3550
646 3107
664 6306
676 3837
695 871
704 3878
732 3413
744 3893
751 4805
757 1521
775 3107
775 3927
776 6967
778 3107
781 4788
781 1326
793 3711
804 6680
843 2642
845 1875
853 2058
871 7373
871 5190
871 905
871 8375
871 14764
871 3053
871 8313
871 5210
871 8527
872 1169
879 4489
879 8311
884 7384
884 2642
884 5878
885 3107
892 8608
892 8609
903 1875
904 1550
905 1550
931 9378
932 10164
948 9649
948 1875
948 5291
965 9649
987 3840
987 5634
987 2276
987 3013
987 2150
987 10087
987 14760
987 14761
987 14759
987 3053
987 4304
987 7070
987 5210
987 10303
987 10492
987 2013
987 6974
987 8829
1000 1169
1045 2850
1055 2058
1167 5291
1169 3927
1301 4816
1326 2217
1326 6365
1326 3684
1326 4929
1363 4816
1443 2850
1463 8626
1550 3860
1550 7956
1550 3306
1613 7721
1660 2853
1760 9649
1780 9649
1784 4250
1784 3860
1785 1875
1816 2850
1816 2853
1875 2945
1875 4866
1875 7348
1875 9477
1875 4753
1875 11540
1875 6037
1875 3841
1875 7970
1875 10019
1875 2472
1875 4039
1875 8496
1875 4148
1875 5306
1875 14815
1875 7612
1875 12863
1875 13430
1875 4551
1875 4297
1875 14794
1875 13903
1875 6201
1875 14818
1875 7890
1875 6229
1875 3385
1875 14809
1875 14810
1875 14811
1875 14812
1875 14813
1875 14814
1875 2911
1875 14816
1875 14817
1875 6754
1875 12771
1875 3558
1875 3942
1875 4967
1875 10986
1875 3701
1875 7798
1875 5368
1875 14777
1875 11188
1875 5373
1978 17099
2007 10192
2043 8584
2058 3589
2058 6991
2137 2853
2145 9978
2217 7384
2217 8148
2217 2642
2217 4788
2272 10385
2272 7542
2283 5291
2331 3927
2360 2853
2371 3927
2395 9649
2402 3604
2462 5291
2472 2853
2557 3107
2589 9649
2642 4419
2642 4707
2642 6761
2642 7384
2658 3811
2719 4250
2719 3860
2760 9649
2775 3399
2778 3859
2778 2779
2785 4076
2806 7088
2821 15731
2833 3166
2850 3840
2850 7814
2850 5002
2850 13069
2850 13201
2850 14751
2850 14752
2850 2854
2850 6707
2850 9419
2850 5452
2850 8527
2850 5210
2850 3678
2850 3053
2850 11632
2850 8829
2851 8265
2851 12331
2851 14770
2851 14769
2851 10204
2851 7306
2851 8799
2853 5249
2853 10118
2853 7186
2853 5267
2853 5405
2853 8099
2853 9052
2853 4015
2853 10802
2853 14771
2853 14772
2853 14773
2853 14774
2853 14775
2853 12729
2853 14778
2853 14779
2853 14780
2853 14781
2853 14782
2853 7231
2853 14784
2853 14785
2853 14776
2853 10019
2853 14777
2853 3674
2853 3804
2853 7905
2853 12265
2853 12527
2853 14783
2899 9110
2906 3107
2907 17088
2929 9114
3081 9649
3107 9062
3107 14808
3107 14775
3155 9649
3166 3964
3169 9399
3269 3927
3399 3754
3432 5291
3500 6072
3529 9649
3550 17089
3550 17058
3550 17091
3550 17092
3550 17090
3551 10214
3558 9649
3580 5553
3582 3868
3599 9649
3604 6199
3638 10618
3671 5806
3680 5011
3684 6699
3701 9649
3706 5291
3707 14701
3711 4788
3754 10065
3754 8598
3794 4370
3795 5264
3855 5353
3859 14720
3859 14721
3859 14722
3859 14723
3859 14724
3859 14725
3859 14726
3859 14727
3859 8618
3859 8619
3859 4795
3859 9427
3859 14685
3859 14686
3859 14687
3859 14688
3859 14689
3859 14690
3859 14691
3859 14692
3859 14693
3859 14694
3859 14695
3859 14696
3859 14697
3859 14698
3859 14699
3859 14700
3859 14701
3859 14702
3859 14703
3859 14704
3859 14705
3859 14706
3859 14707
3859 14708
3859 14709
3859 14710
3859 14711
3859 14712
3859 14713
3859 14714
3859 14715
3859 14716
3859 14717
3859 14718
3859 14719
3860 8618
3860 8619
3868 5291
3875 3876
3875 7671
3876 5285
3878 14624
3885 7524
3885 5190
3885 10087
3885 7176
3885 4745
3885 4077
3885 8527
3885 14794
3927 7176
3927 9643
3927 5260
3927 4077
3927 4303
3927 4048
3927 8265
3927 5854
3927 6399
3964 9259
3964 14216
3964 5290
3964 12190
3964 8265
3964 9643
3975 4048
3986 9649
3992 6013
4048 5363
4108 17024
4110 6911
4128 8382
4152 9649
4170 9209
4170 15238
4171 4358
4239 9649
4250 4251
4374 8310
4384 7360
4384 9378
4384 9653
4384 9654
4384 9655
4384 9656
4394 5291
4414 6204
4419 7384
4419 14701
4449 5371
4463 4816
4485 8277
4488 4489
4490 8311
4556 5291
4666 4809
4711 8037
4788 8038
4799 8133
4816 8299
4816 5183
4852 6204
4937 5291
4983 8004
4988 10113
5291 6451
5291 14803
5291 14804
5291 14805
5291 5486
5291 7666
5291 7035
5291 5802
5352 14361
5585 10849
5770 10288
5770 10289
5770 10290
5770 10291
5770 10292
5770 10293
5865 8038
6203 10044
6279 8321
6355 9649
6412 8148
6508 9490
6508 9491
6509 9490
6509 9491
6761 7384
7113 9649
7406 10119
7725 9649
7796 9649
8038 8148
8517 9784
8517 14662
8527 9649
8590 14054
8614 8615
8616 8617
9394 9395
9649 12930
9649 10411
9649 14771
9649 10549
9649 14783
9649 10019
9649 13275
9649 13112
9649 14777
9649 12636
9649 14822
9649 14823
9649 14824
9649 14825
9649 14826
9649 14827
9649 13431
10242 10243
10305 12325
11068 11069
11069 11070
13413 17039
14054 14326
14581 16419
