8 1045
9 68
9 69
11 9037
12 2000
12 4684
12 365
12 6422
14 793
24 2818
24 2003
24 564
24 446
24 88
24 221
24 4030
30 217
36 232
37 1867
37 3494
37 3399
37 40
37 43
37 3867
37 6830
37 111
37 648
37 376
37 3825
37 79
40 770
40 43
40 132
40 648
40 2563
40 280
40 3867
40 926
40 42
40 811
40 6830
40 431
40 4017
40 4018
40 4788
40 3766
40 446
40 3391
40 3399
40 3913
40 1867
40 4045
40 2510
40 2027
40 376
40 4050
40 5467
40 3819
40 3820
40 3821
40 3822
40 3825
40 242
40 3701
40 3702
40 3704
40 377
40 1788
40 3754
40 5374
40 5375
42 43
42 3399
42 3754
42 1867
42 4045
42 431
42 3825
42 242
43 3399
43 1867
43 4045
43 431
43 3825
43 242
43 3754
47 3794
47 4163
49 5057
51 6705
51 422
55 2658
55 453
55 5890
55 7726
55 656
55 3763
55 15123
55 3963
56 2352
56 552
56 430
56 4496
56 4980
56 4600
57 1882
58 2000
58 10126
59 109
61 778
61 3819
61 260
61 4674
61 1087
62 65
62 261
62 70
63 4674
65 70
65 261
68 69
70 261
71 4674
72 8446
72 6703
75 4304
75 825
75 1010
75 3067
75 4390
78 1089
78 3013
78 3016
78 4522
78 747
78 1804
78 2769
78 2770
78 4885
78 4671
82 4080
83 2756
84 2155
85 5227
85 100
85 86
86 144
86 12507
86 6116
87 232
89 90
89 4068
90 301
90 1169
92 2917
94 3834
94 4671
98 757
102 217
102 6498
102 6982
102 6583
109 1627
109 4643
109 138
109 2000
109 4671
109 287
111 3863
120 1376
120 265
120 9964
120 435
120 564
120 4247
120 2003
120 3804
120 221
120 1996
124 2944
127 2944
131 749
131 1055
132 2880
132 1376
132 3819
132 4128
132 1418
132 3703
132 3867
132 4856
132 14642
132 3701
132 3702
132 2199
132 3704
132 987
132 2877
135 5313
135 6139
137 6146
137 7382
138 2912
138 172
138 7573
138 602
138 159
138 3391
139 449
139 546
139 3212
139 586
139 140
139 2798
139 209
139 3858
139 3859
139 3860
139 3067
139 318
140 449
140 546
140 586
140 3212
140 2798
140 209
140 3858
140 3859
140 3860
140 3067
140 318
143 5025
143 6994
143 6701
143 6727
149 1055
157 4671
159 4942
159 3572
159 983
159 9083
159 5854
164 3893
169 6887
170 6887
172 4200
172 2912
172 3000
172 8086
177 8291
177 7918
181 2000
181 2917
184 1681
184 3434
184 3611
184 820
188 228
195 3363
202 2851
207 10126
207 3822
208 3899
209 449
209 546
209 3212
209 586
209 4978
209 2798
209 3858
209 3859
209 3860
209 3067
209 318
213 5197
216 6311
217 1699
217 529
217 6281
217 811
217 2000
217 305
217 926
217 9662
217 3833
217 954
217 4124
220 9275
221 3872
221 4144
221 4008
221 4137
221 4138
221 2572
221 3855
221 4140
221 4056
221 4055
221 1711
223 269
228 3744
228 2929
228 721
228 723
228 3454
232 4128
239 241
239 2839
239 457
240 5323
241 457
241 3873
242 1867
242 3399
242 4045
242 431
242 3825
242 3754
243 2825
243 3865
245 614
256 1055
258 4760
258 6635
258 1836
259 9521
260 2000
260 3819
260 3494
265 2177
265 1954
265 483
265 266
265 3756
265 3245
265 3757
265 9660
265 8446
267 5401
270 1418
277 278
278 9521
278 2763
278 4326
278 3773
279 2658
283 12403
284 2818
292 4930
293 932
308 6737
308 459
312 6251
316 2722
318 449
318 546
318 4390
318 3212
318 586
318 2798
318 3858
318 3859
318 3860
318 2281
318 3067
325 695
328 3425
328 6883
328 6376
328 6730
328 6489
328 6490
328 4895
333 918
339 2095
341 3972
349 2497
349 2954
352 2839
354 3403
363 2000
363 1837
363 5053
364 7889
364 365
364 366
365 2499
365 2756
365 366
365 1103
365 7888
366 3500
369 3403
369 3500
370 372
375 1126
376 10236
376 2027
376 2446
376 2510
376 377
376 2108
376 446
377 2027
377 2510
377 446
380 2880
383 3994
384 5284
385 3800
385 6286
385 1045
385 750
390 5122
393 864
399 722
399 483
400 864
401 17910
408 579
409 4104
411 2112
411 6168
411 4868
414 734
416 3873
416 9028
416 2469
416 2953
416 8685
416 2199
416 9020
416 9085
416 2782
428 592
429 1418
429 14642
429 4854
429 2199
430 6316
431 1867
431 3399
431 4045
431 3825
431 3514
431 3754
433 4300
435 4348
436 3849
436 3811
436 4550
440 6583
442 2129
442 1154
442 7476
442 8118
444 2000
445 2000
446 2027
446 4117
446 10262
446 3875
446 3762
446 5298
446 8507
446 15295
446 15309
446 2510
446 2000
446 1121
446 6629
446 6890
446 10603
446 756
446 8569
446 6079
449 6593
449 546
449 3212
449 586
449 2798
449 3858
449 3859
449 3860
449 3067
453 2850
453 987
453 454
453 3963
453 959
455 14954
457 7578
457 7579
457 2806
459 3865
459 2877
459 6737
459 4565
462 2725
462 2726
462 935
462 2003
462 15733
462 3479
463 3423
465 466
470 471
471 1376
471 2000
471 6690
471 1460
472 9091
472 11914
472 9489
472 5138
472 2068
472 10739
472 10487
472 10359
472 4942
472 9044
472 10073
472 10074
472 3560
472 4079
472 10738
472 2675
472 10740
472 10741
472 10742
472 10743
472 10744
472 10745
472 10746
472 8446
478 4612
478 764
479 2000
479 763
479 733
479 5403
479 12771
483 2177
483 4778
483 3756
483 3245
483 3757
483 8685
489 864
489 5338
490 8190
500 587
509 5775
511 4721
512 926
512 2895
520 3216
527 2000
529 2000
529 1837
531 6577
542 7706
543 544
543 1495
544 1495
546 3212
546 586
546 2798
546 3858
546 3859
546 3860
546 3067
550 2000
550 5775
551 6173
552 7358
552 8703
560 592
560 1162
562 2755
562 8132
562 2819
562 730
562 862
562 4671
563 3989
564 4128
574 9648
574 3865
574 1882
574 4080
584 8728
586 3212
586 2798
586 3858
586 3859
586 3860
586 3067
587 871
591 4052
592 7136
592 4016
592 4674
592 1157
592 4870
592 5097
592 5098
592 3819
592 4050
592 5103
592 4017
592 4018
592 4052
592 6682
592 2236
592 5104
601 2577
603 8446
606 3016
606 6971
623 1162
623 12331
630 2236
631 5775
632 5775
638 2497
638 676
657 5775
658 5775
659 5775
661 662
663 2000
666 3790
673 872
673 4048
675 5258
680 6088
681 793
683 2000
692 7116
695 2850
695 1476
695 871
695 4937
695 5137
695 4721
695 987
695 5212
700 7130
705 5775
711 9083
711 10487
721 864
721 723
722 864
722 801
723 864
730 8132
730 4671
733 763
737 3962
737 7116
738 864
739 1096
746 804
746 4989
747 7905
747 2658
747 17122
747 4522
747 7373
747 3694
747 6393
747 795
747 2910
747 4885
748 1706
748 2995
748 3827
750 7204
751 752
752 864
752 11530
752 4080
752 5880
752 3865
756 8513
756 3875
756 2408
756 5298
756 10330
763 2000
763 2272
763 764
764 2000
764 12771
765 7708
765 3798
767 2000
771 9380
772 2018
772 3398
772 2725
772 2726
772 12271
772 10130
772 3479
772 1689
772 5533
773 7204
773 4565
775 5775
778 4850
780 3095
781 3712
781 905
781 4814
781 3022
787 3434
791 4080
791 4869
791 5230
791 5229
792 5229
792 5230
793 3067
793 5323
793 11489
794 3067
794 7069
795 17124
795 4522
795 3694
795 3479
795 6393
795 7996
798 6199
810 2000
810 4297
810 4299
811 3398
811 7402
811 4427
811 1837
811 4814
811 2000
811 5880
811 3935
811 2045
811 7839
815 2000
815 5775
816 4654
818 2722
819 2000
819 6173
835 1589
851 1057
853 5354
853 4735
853 1055
862 6387
862 4671
863 8397
864 2697
864 2961
864 2967
864 5534
864 5024
864 3873
864 8304
864 2870
864 3644
864 3262
864 3135
864 3392
864 2757
864 2375
864 3542
864 1787
864 2405
864 1774
864 8303
864 8305
864 8306
864 1780
864 1142
864 3177
864 2939
871 1376
872 1357
872 1326
872 3935
881 2902
893 14663
896 4050
897 3980
897 1956
897 4527
898 8446
899 1057
899 1837
901 4109
901 4110
918 6088
919 2850
922 2850
922 2879
931 5775
933 3893
934 4355
934 6621
935 4408
935 10126
935 2725
941 2917
954 2734
954 6135
955 4435
957 3985
957 3894
958 5449
958 7970
958 3275
958 3645
958 14847
960 2000
961 2000
962 2240
974 5331
974 6372
980 7889
987 3840
987 3841
987 2850
987 3805
987 4937
987 1706
987 4173
987 2446
987 1967
987 1075
987 3828
987 3704
987 2879
987 2995
987 3806
987 3199
994 2362
1020 4080
1022 5196
1038 2000
1038 3773
1039 3793
1039 1418
1039 7957
1039 5775
1047 2976
1048 2976
1050 2658
1050 6086
1057 14905
1070 5331
1075 4173
1075 4694
1075 2879
1084 8788
1088 1922
1089 3834
1089 3694
1090 14405
1090 12343
1096 15261
1107 4942
1116 3551
1120 3321
1121 3865
1121 2546
1121 8446
1137 3143
1140 3994
1157 4870
1157 5002
1157 5102
1157 5103
1157 2806
1157 8569
1157 5241
1157 6682
1157 5871
1157 5098
1163 3865
1175 3080
1271 4788
1271 8270
1326 4048
1326 1628
1376 5281
1376 2757
1376 4937
1376 3704
1376 2900
1376 3701
1376 3702
1388 3717
1409 1457
1409 9418
1418 4128
1418 5349
1418 5350
1418 14642
1418 4080
1418 6482
1418 2806
1436 8150
1436 8151
1460 6690
1474 1704
1474 2362
1521 2000
1521 6391
1530 4128
1536 3907
1536 2719
1537 8237
1558 2000
1587 3835
1587 4117
1589 1656
1589 4228
1589 4227
1589 4229
1594 4873
1640 5878
1644 8648
1649 9401
1664 5775
1678 2806
1681 2000
1681 3434
1689 12271
1694 6173
1704 2000
1704 2577
1704 10124
1704 5703
1706 2850
1711 3820
1711 4854
1723 4602
1723 4165
1737 2784
1750 5775
1756 2806
1757 6076
1757 6077
1758 3514
1766 6737
1768 2000
1773 4721
1784 2000
1784 3832
1784 3907
1784 6835
1784 2719
1788 2000
1788 4875
1788 2045
1788 14886
1804 2722
1804 3013
1804 3016
1804 3021
1804 2576
1804 3438
1808 2000
1810 6932
1830 3873
1832 2806
1833 2707
1836 2201
1836 6635
1842 5034
1867 3399
1867 4045
1867 3825
1867 3754
1879 15724
1882 9648
1882 9105
1885 8957
1891 3963
1901 4080
1919 4080
1934 2825
1947 4173
1954 2750
1955 2750
1956 3980
1960 2000
1967 3840
1967 3841
1967 2850
1967 2446
1967 2546
1970 3810
1981 14663
2000 8192
2000 3074
2000 2563
2000 2571
2000 14872
2000 2308
2000 8220
2000 8245
2000 2110
2000 3595
2000 5703
2000 7769
2000 7275
2000 2161
2000 9332
2000 3705
2000 5249
2000 8322
2000 2185
2000 5770
2000 2699
2000 4761
2000 8356
2000 2213
2000 4788
2000 9401
2000 11451
2000 10433
2000 11973
2000 11974
2000 8993
2000 11976
2000 3275
2000 8994
2000 11975
2000 8405
2000 8406
2000 7900
2000 6372
2000 14886
2000 7402
2000 8429
2000 10483
2000 4352
2000 2317
2000 8982
2000 5919
2000 7457
2000 3362
2000 3363
2000 2344
2000 3373
2000 5950
2000 3391
2000 4427
2000 6993
2000 3935
2000 5987
2000 6015
2000 10115
2000 8343
2000 3981
2000 2499
2000 3016
2000 7119
2000 8656
2000 7193
2000 4058
2000 4061
2000 8672
2000 4076
2000 2554
2001 2756
2003 8434
2016 2502
2016 6346
2016 6347
2016 6254
2016 6255
2016 2384
2016 4275
2018 2725
2018 2726
2027 2510
2043 4671
2044 3016
2045 2563
2045 3949
2049 3865
2058 3493
2061 2944
2076 4639
2108 2109
2112 6168
2112 4868
2117 7476
2137 3106
2137 3559
2158 3985
2158 3894
2158 3895
2172 6731
2177 8488
2177 7435
2177 3756
2177 3757
2177 3245
2177 3315
2177 4715
2177 8446
2177 8504
2177 3865
2177 9643
2177 5086
2177 2750
2199 2806
2199 3704
2199 3805
2204 5229
2204 5230
2212 8587
2217 4788
2217 3022
2234 9401
2236 2806
2241 3684
2265 2917
2272 4666
2276 8304
2306 6368
2306 2948
2317 5775
2322 5441
2352 4600
2352 5210
2358 2825
2358 2850
2404 2944
2405 3873
2405 2839
2427 2757
2438 5284
2446 3840
2446 3841
2446 2850
2455 9036
2458 4953
2469 2806
2475 2729
2485 3968
2499 12035
2502 6256
2502 6254
2502 6255
2521 4923
2525 7871
2536 2917
2542 2602
2543 4441
2546 3840
2546 3716
2546 4422
2546 7180
2546 8529
2546 3572
2546 8468
2563 9662
2594 2716
2602 6502
2602 3679
2611 2911
2616 5307
2633 4451
2644 4080
2654 2806
2654 5255
2656 11025
2656 5990
2672 8685
2674 3946
2681 7777
2697 3135
2699 2911
2700 2911
2701 4499
2701 2702
2702 4499
2704 5775
2714 4983
2721 9140
2722 3170
2722 4727
2722 4728
2725 7685
2725 2726
2725 9319
2725 10126
2725 10130
2725 11959
2725 11960
2725 11961
2725 11962
2725 11963
2725 11964
2725 7998
2726 9319
2726 10126
2726 10130
2726 11959
2726 11960
2726 11961
2726 11962
2726 11963
2726 11964
2726 7998
2729 15424
2729 15423
2736 2978
2736 4588
2736 4589
2736 2917
2737 3972
2750 9643
2750 3757
2750 3758
2750 3315
2750 8956
2750 3807
2755 6199
2755 4671
2756 7872
2756 16612
2756 4684
2763 5880
2763 4326
2769 4671
2775 3258
2777 5323
2782 5880
2782 11530
2782 4083
2782 10092
2788 2789
2789 2790
2790 2792
2790 3174
2790 2791
2794 5775
2794 2839
2798 3212
2798 3858
2798 3859
2798 3860
2798 3067
2805 2954
2806 5104
2806 3876
2806 5101
2806 2953
2806 14642
2806 5102
2806 4854
2806 5002
2809 2810
2812 7020
2821 6779
2822 4112
2822 6636
2825 2838
2825 7623
2825 2828
2825 2829
2825 2830
2828 3827
2836 2837
2839 6023
2839 3753
2839 3761
2839 2840
2839 3868
2850 3840
2850 3841
2850 5401
2850 2995
2850 2876
2850 2877
2850 2879
2850 2880
2850 4937
2850 4171
2850 3805
2850 5087
2850 3827
2850 3828
2850 3704
2853 5401
2857 4987
2867 14612
2873 7020
2876 3865
2876 4937
2876 2879
2877 8139
2877 4937
2877 4173
2877 6737
2877 3704
2877 3805
2877 2879
2878 8139
2879 4937
2880 5255
2880 4937
2880 4171
2880 5282
2880 3704
2880 3805
2893 5775
2894 3865
2910 4110
2912 3000
2912 7573
2917 3051
2917 4588
2917 4589
2917 3131
2937 3016
2948 3001
2954 3891
2954 5775
2956 5859
2961 5775
2967 3135
2976 3363
2976 5492
2976 10115
2978 4588
2978 4589
2983 3143
2995 3827
2999 5775
3003 6173
3010 3245
3013 3016
3022 3684
3032 4071
3036 3868
3040 3835
3040 4117
3059 3143
3067 3212
3067 3858
3067 3859
3067 3860
3074 5775
3081 3313
3081 15103
3081 14257
3081 3082
3081 3479
3082 3398
3082 3313
3085 4527
3085 4021
3085 4061
3097 3868
3097 4527
3098 4080
3106 9413
3106 3559
3116 8007
3128 3143
3141 4080
3143 3387
3156 4433
3156 8446
3199 3820
3199 4173
3199 4694
3199 7447
3212 3858
3212 3859
3212 3860
3218 4756
3232 6437
3237 4080
3240 11530
3245 3756
3245 3757
3245 3824
3245 8085
3249 3819
3258 3793
3266 8685
3289 3644
3302 3793
3313 3398
3315 3757
3315 3758
3321 14738
3321 7916
3322 5775
3324 4080
3336 8020
3336 3980
3336 4015
3339 6305
3344 3872
3344 7494
3345 3841
3362 3363
3363 5373
3373 11001
3373 3514
3378 6728
3379 4080
3379 7180
3379 10310
3390 4171
3398 9950
3399 4045
3399 3825
3399 3754
3415 3434
3425 6489
3434 6017
3434 3558
3434 4039
3434 5608
3434 7784
3434 12499
3434 12500
3434 5306
3434 3611
3434 6428
3434 8959
3479 4355
3479 17124
3479 10126
3479 6393
3479 3694
3494 3820
3494 4173
3494 4694
3494 7447
3500 3870
3514 6178
3514 7494
3514 7495
3514 4750
3516 5106
3520 3944
3531 10132
3536 4171
3542 5171
3550 5307
3568 4451
3578 6173
3619 8685
3626 3819
3647 6099
3649 15312
3649 6550
3653 5775
3658 4462
3681 4760
3681 7020
3684 5010
3684 6699
3687 3923
3701 4128
3701 3704
3701 3805
3702 4128
3702 3704
3702 3805
3703 3704
3703 4128
3703 3805
3704 3819
3704 4128
3704 3805
3704 4856
3710 3765
3720 6466
3720 6467
3732 5447
3738 5775
3753 8685
3754 4045
3754 3825
3756 3757
3757 3758
3757 3759
3757 3760
3757 3761
3758 3759
3758 3760
3758 3761
3759 5775
3761 11530
3761 5775
3762 9091
3762 8446
3764 3963
3791 3864
3793 7458
3793 5349
3793 9740
3793 5649
3793 10717
3793 4069
3794 6356
3794 7176
3794 6377
3794 7636
3794 5070
3794 7476
3794 8440
3794 6969
3794 8031
3798 3823
3805 3819
3805 4856
3819 4117
3819 4000
3819 4016
3819 4017
3819 4018
3819 4674
3819 4050
3819 6995
3819 4052
3819 9964
3819 3821
3819 10106
3819 6396
3819 6314
3820 3872
3820 4674
3820 4135
3820 4137
3820 4138
3820 5863
3820 3821
3820 4144
3820 4854
3820 4055
3820 4152
3820 4141
3821 4138
3821 4050
3821 4144
3821 4017
3821 4018
3825 4045
3827 3828
3829 3985
3829 3894
3834 7103
3834 4671
3835 4114
3835 4050
3835 4115
3835 4116
3835 4117
3835 4118
3835 3836
3836 4117
3840 3841
3844 6355
3858 5896
3858 3859
3858 3860
3859 3860
3864 8446
3865 3868
3865 9866
3865 5231
3865 8728
3865 8468
3865 4942
3865 4444
3867 7494
3867 4854
3868 3875
3868 4988
3869 8858
3871 4671
3872 7494
3872 4854
3872 4055
3873 5600
3875 5298
3875 4126
3876 4854
3877 6700
3884 5401
3891 4978
3894 3985
3894 3987
3894 3896
3894 3897
3895 3896
3895 3985
3895 3987
3896 3985
3897 3985
3899 10127
3907 7402
3907 7473
3915 7180
3915 10310
3935 17591
3957 3958
3958 3959
3964 10168
3972 4483
3975 6379
3976 4080
3978 10110
3980 6122
3980 4689
3980 4824
3980 4254
3985 10912
3985 9101
3985 3997
3985 3986
3985 3987
3985 8348
3987 3997
3994 4262
3994 11976
3994 8879
3994 15281
3994 11799
4008 4144
4008 4854
4016 4674
4016 4018
4016 4017
4016 4050
4016 4052
4017 4674
4017 5096
4017 4050
4017 4052
4017 4117
4017 4018
4018 4674
4018 4050
4018 4052
4021 4527
4021 4061
4023 6434
4032 8431
4048 5880
4051 5775
4055 7494
4055 4854
4056 4854
4061 4527
4080 4355
4080 4869
4080 4105
4080 9091
4080 10140
4080 10020
4080 10235
4080 5824
4080 4173
4080 10232
4080 9083
4080 5585
4080 5231
4080 5873
4080 10229
4080 10230
4080 10231
4080 10104
4080 10233
4080 10234
4080 5631
4083 6461
4115 4117
4117 5249
4117 4674
4117 4118
4120 12771
4128 4856
4135 4144
4137 7494
4137 4854
4138 7494
4138 4144
4138 4854
4139 7494
4139 4854
4140 4854
4141 4144
4153 4854
4171 4172
4171 4173
4173 5236
4173 5235
4173 4694
4190 4192
4234 4240
4234 4237
4234 4238
4243 7116
4255 5470
4296 4407
4308 17921
4326 7067
4351 10127
4355 7440
4355 4819
4355 6838
4355 6621
4356 5211
4358 8569
4361 4811
4374 7294
4380 17059
4407 5916
4433 4858
4434 6582
4441 5169
4451 7886
4460 8048
4471 4976
4471 7657
4471 7658
4478 4479
4485 4486
4515 7609
4515 4690
4522 4885
4528 6599
4543 6275
4565 6737
4572 9083
4572 8446
4575 5775
4586 7487
4588 4589
4614 5426
4619 6953
4640 5775
4647 7500
4671 6272
4694 7447
4694 7448
4706 4707
4706 7548
4721 5533
4744 6301
4746 6990
4747 6884
4760 6199
4775 8468
4778 6680
4778 5148
4788 8270
4788 14872
4788 6015
4819 8418
4826 6657
4826 7715
4840 6676
4854 5241
4868 6168
4869 5824
4869 5229
4873 6829
4873 7183
4894 5211
4895 6489
4937 5087
4939 4940
4942 5585
4953 5212
4980 6316
4984 6095
4987 5313
4996 6283
4996 6284
4998 6783
5008 5009
5008 5010
5014 9964
5014 5015
5015 9964
5020 5021
5021 6172
5021 6531
5025 5040
5025 6611
5040 5095
5053 5537
5056 13791
5070 9544
5095 6199
5097 5104
5107 8685
5120 5668
5121 8685
5138 8507
5210 10051
5227 6291
5255 5261
5313 6100
5349 7957
5350 5775
5486 6097
5545 7289
5545 8235
5549 6173
5580 6173
5764 7243
5775 5909
5775 6170
5775 7457
5775 7458
5775 6052
5775 7077
5775 6065
5775 7464
5775 10028
5775 5939
5775 10474
5775 11079
5775 8578
5775 9485
5775 12509
5775 6171
5775 8883
5775 7286
5775 10489
5790 6995
5790 6996
5790 6997
5801 7339
5827 8118
5845 6192
5845 7587
5854 7573
5856 9672
5856 12400
5859 6744
5923 6596
5929 6439
5942 7782
5990 7240
6070 6630
6088 6089
6088 7236
6091 8101
6114 7759
6115 7759
6173 6174
6175 6176
6193 6194
6199 6200
6199 6201
6199 6202
6272 6713
6283 6284
6288 6642
6304 6720
6312 6313
6321 6517
6331 6332
6367 6368
6411 8332
6433 6570
6470 6561
6481 8291
6489 6883
6489 6730
6489 6490
6651 7494
6688 7459
6701 6702
6702 6994
6727 6994
6731 6732
6737 9091
6838 8418
6860 9972
6861 7640
7017 11530
7067 9521
7074 7606
7133 7134
7180 10739
7204 8555
7267 10157
7267 10158
7401 10908
7418 9091
7426 7427
7447 7448
7458 7957
7553 17917
7574 8045
7625 7626
7661 8254
7836 7837
7899 9329
7903 17122
7976 7977
8007 8008
8007 8009
8085 10131
8266 8685
8429 10433
8434 8446
8446 10310
8446 8529
8446 9813
8446 8569
8446 8575
8468 11913
8507 9648
8645 8653
8685 11942
8685 10283
8685 8689
8685 10229
8685 8931
8685 8924
8728 9091
9091 10310
9329 14892
9380 14585
9672 12400
9721 10051
10051 10052
10918 14892
11551 17038
12669 12674
12711 13201
14200 17038
