1 209
1 5291
1 2863
9 3107
9 3964
24 290
24 3877
24 295
24 5352
24 5363
24 5354
24 203
24 5361
24 4818
24 1875
24 5204
24 4277
24 55
24 283
24 4348
24 5173
24 4671
40 3107
40 987
40 3804
40 5291
44 871
48 4799
55 3877
55 5352
55 4014
55 120
55 4818
55 406
55 987
55 2461
56 792
56 2850
56 5291
58 3927
59 690
64 3107
64 5291
69 5291
69 3964
78 2850
89 1169
89 2850
89 300
90 987
90 300
99 3927
102 987
104 2851
108 1560
108 262
110 1875
110 5291
120 675
120 132
120 744
120 5354
120 203
120 435
120 4277
120 600
120 5267
120 283
121 3885
130 2850
130 987
130 8310
130 871
131 3589
131 2058
131 6991
131 564
131 853
131 1819
131 1055
132 853
138 9649
138 2850
138 987
140 871
172 354
173 7771
176 2851
176 871
201 9649
203 3876
209 3948
209 2863
224 1680
225 2851
228 2851
229 2851
229 5291
238 6154
243 3964
246 3026
265 987
283 2818
283 284
283 592
284 987
292 7099
300 2851
300 5382
300 1169
300 853
300 3964
300 1055
301 5143
302 987
302 3885
305 987
305 871
306 871
306 987
306 759
309 7094
344 9649
344 2850
349 5367
354 5291
357 3885
358 1819
376 3107
376 1875
376 987
376 2850
376 5291
385 2850
385 3998
390 987
406 4818
414 5291
416 9649
416 2850
430 987
430 3885
430 871
431 3874
431 3803
431 446
436 9649
436 987
436 5291
439 2850
439 5291
439 871
440 3967
441 6164
446 2850
446 3107
446 932
446 5291
446 6157
446 2851
450 3107
485 6606
489 987
491 987
547 2850
548 3107
548 2853
552 553
556 3107
562 3107
562 3636
564 4289
564 3877
564 2058
564 6991
564 1819
564 8092
564 3589
582 8590
583 4903
584 2851
587 3885
592 3967
616 871
638 5368
673 872
674 2850
674 987
676 4094
695 2851
695 2850
695 987
698 699
699 700
723 3885
734 5452
738 3964
738 3927
742 987
751 4805
759 2806
766 853
776 3885
778 2850
782 2850
783 987
793 6353
793 987
795 987
836 1875
836 987
836 2850
836 3927
836 871
837 2851
837 3964
840 3885
843 7384
853 3589
853 2058
853 6991
853 5354
857 2850
858 2850
859 2850
870 5367
871 3717
871 2567
871 6060
871 11787
871 2576
871 9923
871 4756
871 1326
871 4101
871 3869
871 2757
871 2736
871 3875
871 935
871 2729
871 4394
871 14763
871 3885
871 2358
871 10698
871 1982
871 3391
871 3395
871 2230
871 4422
871 4937
871 8906
871 6605
871 2003
871 5206
871 1371
871 3806
871 8543
871 7014
871 7913
871 5354
871 2855
871 876
871 8174
871 879
871 872
871 5490
871 4741
871 14762
871 10111
872 1000
872 987
872 3107
876 3885
879 4488
879 4490
879 3927
879 5262
881 4128
902 903
903 2850
903 5291
903 3885
931 7360
931 9656
931 9653
931 9654
931 9655
952 6353
952 4383
954 2734
954 6135
957 2850
965 2851
968 987
987 8738
987 5255
987 8215
987 2818
987 1169
987 1326
987 6804
987 5014
987 4121
987 4248
987 14754
987 2077
987 13086
987 2337
987 3875
987 14756
987 14757
987 14758
987 4977
987 3740
987 4394
987 3869
987 4123
987 1077
987 3000
987 5306
987 12251
987 4156
987 5194
987 14753
987 8265
987 2850
987 2082
987 8527
987 5200
987 5112
987 14755
987 11477
987 3542
987 1371
987 14503
987 5854
987 8487
987 11213
987 3820
987 10862
987 1391
987 11338
987 1521
987 9062
987 13239
987 4983
987 5241
987 3711
987 1079
1012 6780
1045 1756
1055 2058
1055 3589
1055 6991
1077 9649
1077 2850
1077 5291
1078 5291
1079 9649
1079 2850
1121 1875
1142 3704
1167 2850
1326 2850
1363 3204
1371 5291
1376 7588
1376 7589
1458 3885
1459 3927
1466 2850
1502 2850
1502 2851
1504 3107
1504 1875
1519 3885
1523 9649
1523 2851
1523 2853
1558 2853
1621 2851
1722 2850
1727 3885
1788 3885
1836 2850
1836 5291
1842 3927
1848 2854
1875 3587
1875 6385
1875 4394
1875 14791
1875 3806
1875 9649
1888 2850
1888 3107
1888 5291
2003 2850
2003 3964
2043 3107
2053 5291
2058 6991
2077 2851
2077 2850
2077 3964
2077 3885
2082 2850
2090 2851
2090 3927
2119 2850
2119 5291
2147 3927
2217 8148
2240 2851
2358 9649
2402 2850
2402 5291
2417 2850
2436 5291
2437 3107
2544 4449
2550 2850
2637 2851
2640 2850
2640 5291
2640 3927
2663 3107
2663 2851
2663 3885
2702 5291
2716 2851
2729 2850
2729 3107
2729 5291
2729 3885
2729 9649
2729 2851
2729 3927
2729 3964
2731 2775
2742 3107
2757 2850
2757 5291
2757 3964
2764 2851
2764 3885
2806 3107
2809 2851
2818 2851
2818 6849
2818 2850
2840 2850
2841 9649
2850 3072
2850 7173
2850 10253
2850 11343
2850 3674
2850 5212
2850 8288
2850 7796
2850 3706
2850 13948
2850 11389
2850 6784
2850 3206
2850 6286
2850 4769
2850 4291
2850 8395
2850 7884
2850 3790
2850 5854
2850 5354
2850 3841
2850 8453
2850 3855
2850 13591
2850 3869
2850 3875
2850 2855
2850 4394
2850 2870
2850 3385
2850 3913
2850 8522
2850 6987
2850 4953
2850 2953
2850 14744
2850 14745
2850 14746
2850 14747
2850 14748
2850 14749
2850 14750
2850 7089
2850 13239
2850 10168
2850 4048
2850 10204
2850 6112
2850 4077
2850 5112
2851 3841
2851 3587
2851 4868
2851 8257
2851 6188
2851 3084
2851 2946
2851 4368
2851 4113
2851 6804
2851 4502
2851 14767
2851 13086
2851 14768
2851 9123
2851 2852
2851 2854
2851 14765
2851 14766
2851 3869
2851 3762
2851 3806
2851 6969
2851 3997
2851 4159
2851 4369
2851 7180
2851 7886
2851 8527
2851 4818
2851 6618
2851 5212
2851 5874
2851 4265
2851 3960
2853 4740
2853 4303
2853 10162
2853 5210
2854 3107
2854 5291
2854 3927
2854 3964
2870 5291
2905 3885
2909 3107
2911 5291
2914 3107
2946 3927
2956 7078
2975 3891
2976 3885
2992 3704
2993 5291
2995 5291
3000 3107
3000 5291
3012 4348
3016 3107
3064 3964
3107 9088
3107 6529
3107 4611
3107 5254
3107 8256
3107 3978
3107 7180
3107 12562
3107 3869
3107 3871
3107 5291
3107 5042
3107 7856
3107 5306
3107 3131
3107 11338
3107 8516
3107 4422
3107 8522
3107 9419
3107 5196
3107 14800
3107 4856
3107 6993
3107 14806
3107 14807
3107 5210
3107 12251
3107 3806
3107 12518
3107 3558
3107 3434
3107 9682
3107 13431
3107 6268
3223 5291
3223 3885
3245 3927
3337 3525
3356 3927
3373 4985
3385 3885
3434 5291
3525 3885
3529 3885
3542 5291
3558 5291
3580 5291
3589 6991
3614 5291
3682 5291
3696 3927
3704 5401
3707 4419
3717 3927
3717 3885
3795 5264
3795 5276
3798 8006
3798 8040
3798 8041
3798 8088
3798 8089
3798 8090
3833 3899
3836 3927
3837 9649
3837 5291
3838 9649
3838 3885
3838 3927
3849 7814
3855 7634
3855 6967
3865 14355
3869 5291
3869 3885
3869 3964
3871 3885
3871 5291
3876 5355
3877 4818
3885 12043
3885 5904
3885 4882
3885 10265
3885 12655
3885 14790
3885 12423
3885 14792
3885 4148
3885 14793
3885 3906
3885 14788
3885 4422
3885 14791
3885 10447
3885 7128
3885 8543
3885 4961
3885 8546
3885 5354
3885 4983
3927 3977
3927 5258
3927 3985
3927 14788
3927 6173
3927 7970
3927 9132
3927 4911
3927 5041
3927 5813
3927 12809
3927 8509
3927 14786
3927 14787
3927 14789
3927 11338
3927 6348
3927 5077
3927 10455
3927 10072
3927 14138
3927 7524
3927 6123
3927 10862
3927 14585
3964 6275
3964 4113
3964 10270
3964 7458
3964 4140
3964 10162
3964 7355
3964 14795
3964 14796
3964 14797
3964 14798
3964 6482
3964 7015
3964 11498
3964 5616
3973 6353
3973 4383
3975 9649
3978 5291
3992 6986
4005 5291
4039 5291
4048 5363
4080 5585
4094 5367
4156 5291
4196 5093
4277 6189
4303 9649
4303 5291
4374 5157
4374 8310
4383 6353
4394 9649
4396 5291
4422 5291
4449 7539
4457 4624
4463 5183
4487 9649
4487 5291
4488 4490
4489 8311
4490 5262
4611 5291
4739 9649
4740 9649
4816 6444
4963 7766
4977 5291
4990 6527
5185 5291
5190 9649
5204 9649
5210 9649
5210 5291
5291 12333
5291 9313
5291 7799
5291 8313
5291 9856
5291 7307
5291 6853
5291 10912
5291 6315
5291 14008
5291 5306
5291 9922
5291 8923
5291 14802
5291 5877
5291 9466
5291 10021
5291 8520
5291 8522
5291 10894
5291 8548
5291 6716
5291 8596
5291 14799
5291 14800
5291 14801
5291 9682
5291 13785
5291 7589
5291 13286
5473 17042
5805 9649
6105 7189
6118 6119
6359 9649
6481 6599
7134 9649
7186 9649
7715 9649
8037 8042
8586 8587
9649 12333
9649 14788
9649 13138
9649 14819
9649 14820
9649 14821
