17 2806
46 2806
61 242
78 2806
78 9998
172 2806
196 14336
196 14337
196 8594
196 10789
196 10287
196 9161
196 9145
196 9146
196 9147
196 9148
196 9149
196 9150
196 9151
196 9152
196 9153
196 9158
196 9159
196 9160
196 4809
196 9162
196 9163
196 9164
196 9165
196 9166
196 9167
196 9168
196 9169
196 9170
196 9171
196 9172
196 9173
196 9174
196 9175
196 9176
196 9177
196 9178
196 9179
196 9180
196 9181
196 9182
196 9183
196 9184
196 9185
196 9186
196 9187
196 9188
196 9189
196 9190
196 9191
196 14334
196 14335
208 278
227 2806
242 552
242 10881
242 731
277 10011
277 10012
277 9155
277 9156
277 10013
278 1152
278 9216
278 9218
278 9219
278 9220
278 9221
278 9222
278 9217
278 9224
278 9225
278 9226
278 9227
278 9228
278 9229
278 9230
278 3599
278 9232
278 9233
278 9234
278 9235
278 9236
278 9237
278 9238
278 9239
278 9240
278 9241
278 9242
278 9243
278 9244
278 9245
278 9246
278 9247
278 6048
278 9249
278 14342
278 9223
278 8591
278 14339
278 6065
278 7860
278 9145
278 14340
278 9248
278 9154
278 9155
278 9156
278 9157
278 16199
278 16200
278 16201
278 8602
278 2680
278 14338
278 9231
278 14341
278 8592
278 9192
278 9193
278 9194
278 9195
278 9196
278 9197
278 9198
278 9199
278 9200
278 9201
278 9202
278 9203
278 9204
278 9205
278 9206
278 9207
278 9208
278 9209
278 9210
278 9211
278 9212
278 9213
278 9214
278 9215
350 2806
433 2806
485 6606
511 2806
529 2806
552 2806
567 2806
718 2806
737 2806
894 2806
1035 2806
1429 2806
1467 2806
1474 2850
1563 2806
1647 2806
1739 2806
1848 2854
1901 2806
2225 8593
2281 2806
2402 6242
2402 2806
2622 2806
2645 2806
2652 2806
2699 2806
2792 2806
2806 3075
2806 8201
2806 10765
2806 4124
2806 10276
2806 12837
2806 4134
2806 5164
2806 7213
2806 4156
2806 5183
2806 6724
2806 4684
2806 3663
2806 12643
2806 4694
2806 8291
2806 10362
2806 4251
2806 8349
2806 7856
2806 14003
2806 6324
2806 13512
2806 7898
2806 14631
2806 4854
2806 14073
2806 13051
2806 7434
2806 9485
2806 4888
2806 3353
2806 3802
2806 14626
2806 14627
2806 14628
2806 14629
2806 14630
2806 8487
2806 14632
2806 14633
2806 6957
2806 6446
2806 2863
2806 12081
2806 6969
2806 3905
2806 2888
2806 10058
2806 5452
2806 6481
2806 6483
2806 13656
2806 4963
2806 2918
2806 7528
2806 3956
2806 4158
2806 4982
2806 6528
2806 6534
2806 2951
2806 4489
2806 4001
2806 6576
2806 3008
2806 9164
2806 4050
2806 6621
2806 6623
2806 5092
2806 4086
2850 7089
3189 6993
3189 17043
3189 17044
3189 17045
3228 6993
3228 17043
3228 17044
3228 17045
3279 5854
3671 5806
