[0,0,0,0,0]: 61
[0,0,0,0,1]: 60
[0,0,0,0,2]: 59
[0,0,0,0,3]: 48
[0,0,0,0,4]: 30
[0,0,0,0,5]: 22
[0,0,0,1,0]: 60
[0,0,0,1,1]: 58
[0,0,0,1,2]: 57
[0,0,0,1,3]: 47
[0,0,0,1,4]: 27
[0,0,0,2,0]: 57
[0,0,0,2,1]: 57
[0,0,0,2,2]: 56
[0,0,0,2,3]: 47
[0,0,0,2,4]: 23
[0,0,0,3,0]: 55
[0,0,0,3,1]: 55
[0,0,0,3,2]: 53
[0,0,0,3,3]: 42
[0,0,0,3,4]: 16
[0,0,0,4,0]: 39
[0,0,0,4,1]: 39
[0,0,0,4,2]: 38
[0,0,1,0,0]: 47
[0,0,1,0,1]: 47
[0,0,1,0,2]: 42
[0,0,1,0,3]: 28
[0,0,1,1,0]: 47
[0,0,1,1,1]: 47
[0,0,1,1,2]: 42
[0,0,1,1,3]: 28
[0,0,1,2,0]: 47
[0,0,1,2,1]: 47
[0,0,1,2,2]: 42
[0,0,1,2,3]: 18
[0,0,1,3,0]: 42
[0,0,1,3,1]: 42
[0,0,1,3,2]: 27
[0,0,1,3,3]: 17
[0,0,1,4,0]: 20
[0,0,1,4,1]: 18
[0,0,2,0,0]: 32
[0,0,2,0,1]: 29
[0,0,2,0,2]: 16
[0,0,2,0,3]: 7
[0,0,2,1,0]: 29
[0,0,2,1,1]: 29
[0,0,2,1,2]: 16
[0,0,2,1,3]: 7
[0,0,2,2,0]: 29
[0,0,2,2,1]: 29
[0,0,2,2,2]: 14
[0,0,2,2,3]: 7
[0,0,2,3,0]: 28
[0,0,2,3,1]: 28
[0,0,2,3,2]: 7
[0,0,2,3,3]: 7
[0,0,2,4,0]: 9
[0,0,2,4,1]: 9
[0,0,3,0,0]: 23
[0,0,3,0,1]: 19
[0,0,3,0,2]: 16
[0,0,3,1,0]: 23
[0,0,3,1,1]: 19
[0,0,3,1,2]: 16
[0,0,3,2,0]: 23
[0,0,3,2,1]: 19
[0,0,3,2,2]: 13
[0,0,3,3,0]: 23
[0,0,3,3,1]: 19
[0,1,0,0,0]: 32
[0,1,0,0,1]: 32
[0,1,0,0,2]: 26
[0,1,0,0,3]: 15
[0,1,0,1,0]: 32
[0,1,0,1,1]: 32
[0,1,0,1,2]: 25
[0,1,0,1,3]: 14
[0,1,0,2,0]: 29
[0,1,0,2,1]: 29
[0,1,0,2,2]: 22
[0,1,0,2,3]: 12
[0,1,0,3,0]: 16
[0,1,0,3,1]: 16
[0,1,0,3,2]: 15
[0,1,1,0,0]: 24
[0,1,1,0,1]: 20
[0,1,1,0,2]: 12
[0,1,1,1,0]: 23
[0,1,1,1,1]: 18
[0,1,1,1,2]: 12
[0,1,1,2,0]: 14
[0,1,1,2,1]: 6
[0,1,1,2,2]: 6
[0,1,1,3,0]: 6
[0,1,2,0,0]: 14
[0,1,2,0,1]: 7
[0,1,2,0,2]: 4
[0,1,2,1,0]: 11
[0,1,2,1,1]: 7
[0,1,2,1,2]: 4
[0,1,2,2,0]: 8
[0,1,2,2,1]: 4
[0,2,0,0,0]: 32
[0,2,0,0,1]: 32
[0,2,0,0,2]: 26
[0,2,0,0,3]: 15
[0,2,0,1,0]: 32
[0,2,0,1,1]: 32
[0,2,0,1,2]: 25
[0,2,0,1,3]: 14
[0,2,0,2,0]: 29
[0,2,0,2,1]: 29
[0,2,0,2,2]: 22
[0,2,0,2,3]: 12
[0,2,0,3,0]: 6
[0,2,1,0,0]: 23
[0,2,1,0,1]: 20
[0,2,1,0,2]: 12
[0,2,1,1,0]: 22
[0,2,1,1,1]: 18
[0,2,1,1,2]: 12
[0,2,1,2,0]: 14
[0,2,1,2,1]: 6
[0,2,1,2,2]: 6
[0,2,1,3,0]: 6
[0,2,2,0,0]: 14
[0,2,2,0,1]: 5
[0,2,2,0,2]: 4
[0,2,2,1,0]: 11
[0,2,2,1,1]: 5
[0,2,2,1,2]: 4
[0,2,2,2,0]: 8
[0,3,0,0,0]: 29
[0,3,0,0,1]: 29
[0,3,0,0,2]: 24
[0,3,0,0,3]: 15
[0,3,0,1,0]: 29
[0,3,0,1,1]: 29
[0,3,0,1,2]: 24
[0,3,0,1,3]: 14
[0,3,0,2,0]: 25
[0,3,0,2,1]: 25
[0,3,0,2,2]: 21
[0,3,0,2,3]: 12
[0,3,0,3,0]: 6
[0,3,1,0,0]: 22
[0,3,1,0,1]: 19
[0,3,1,0,2]: 8
[0,3,1,1,0]: 21
[0,3,1,1,1]: 18
[0,3,1,2,0]: 14
[0,3,1,3,0]: 6
[0,3,2,0,0]: 11
[0,3,2,1,0]: 11
[0,4,0,0,0]: 27
[0,4,0,0,1]: 27
[0,4,0,0,2]: 22
[0,4,0,1,0]: 23
[0,4,0,1,1]: 23
[0,4,0,1,2]: 22
[0,4,0,2,0]: 21
[0,4,0,2,1]: 21
[0,4,0,2,2]: 20
[0,4,1,0,0]: 17
[0,4,1,1,0]: 14
[0,4,1,2,0]: 8
[0,5,0,0,0]: 17
[0,5,0,0,1]: 17
[0,5,0,0,2]: 16
[0,5,0,1,0]: 17
[0,5,0,1,1]: 17
[0,5,0,1,2]: 16
[1,0,0,0,0]: 25
[1,0,0,0,1]: 25
[1,0,0,0,2]: 17
[1,0,0,1,0]: 25
[1,0,0,1,1]: 25
[1,0,0,1,2]: 17
[1,0,0,2,0]: 14
[1,0,0,2,1]: 14
[1,0,0,2,2]: 9
[1,0,1,0,0]: 18
[1,0,1,0,1]: 14
[1,0,1,0,2]: 5
[1,0,1,1,0]: 16
[1,0,1,1,1]: 12
[1,0,1,1,2]: 5
[1,0,1,2,0]: 4
[1,0,1,2,1]: 4
[1,0,1,2,2]: 4
[1,0,2,0,0]: 4
[1,0,2,0,1]: 4
[1,0,2,0,2]: 4
[1,0,2,1,0]: 4
[1,0,2,1,1]: 4
[1,0,2,1,2]: 4
[1,1,0,0,0]: 11
[1,1,0,0,1]: 11
[1,1,0,1,0]: 10
[1,1,0,1,1]: 10
[1,1,1,0,0]: 8
[1,1,1,0,1]: 6
[1,1,1,1,0]: 8
[1,1,1,1,1]: 6
[1,2,0,0,0]: 10
[1,2,0,0,1]: 10
[1,2,0,1,0]: 9
[1,2,0,1,1]: 9
[1,2,1,0,0]: 6
[1,2,1,0,1]: 6
[1,2,1,1,0]: 6
[1,2,1,1,1]: 6
[2,0,0,0,0]: 9
[2,0,0,0,1]: 9
[2,0,0,0,2]: 4
[2,0,0,1,0]: 9
[2,0,0,1,1]: 9
[2,0,0,1,2]: 4
[2,0,0,2,0]: 4
[2,0,0,2,1]: 4
[2,0,0,2,2]: 4
[2,0,1,0,0]: 4
[2,0,1,0,1]: 4
[2,0,1,0,2]: 4
[2,0,1,1,0]: 4
[2,0,1,1,1]: 4
[2,0,1,1,2]: 4
[2,0,1,2,0]: 4
[2,0,1,2,1]: 4
[2,0,1,2,2]: 4
