[0,0,0,0,0], edge:[21,124,88,193,194]: 61
[0,0,0,0,1], edge:[21,124,88,191,194]: 60
[0,0,0,0,2], edge:[21,124,86,185,193]: 59
[0,0,0,0,3], edge:[17,97,77,148,171]: 48
[0,0,0,0,4], edge:[7,50,32,67,120]: 30
[0,0,0,0,5], edge:[2,29,20,45,90]: 22
[0,0,0,1,0], edge:[21,124,88,193,192]: 60
[0,0,0,1,1], edge:[21,124,88,191,181]: 58
[0,0,0,1,2], edge:[21,124,86,185,180]: 57
[0,0,0,1,3], edge:[17,97,77,148,160]: 47
[0,0,0,1,4], edge:[6,44,29,60,103]: 27
[0,0,0,2,0], edge:[21,124,88,190,179]: 57
[0,0,0,2,1], edge:[21,124,88,190,179]: 57
[0,0,0,2,2], edge:[21,124,86,184,178]: 56
[0,0,0,2,3], edge:[17,97,77,148,160]: 47
[0,0,0,2,4], edge:[5,39,24,54,78]: 23
[0,0,0,3,0], edge:[19,113,83,186,172]: 55
[0,0,0,3,1], edge:[19,113,83,186,172]: 55
[0,0,0,3,2], edge:[19,113,82,175,170]: 53
[0,0,0,3,3], edge:[15,93,63,128,147]: 42
[0,0,0,3,4], edge:[1,21,16,40,50]: 16
[0,0,0,4,0], edge:[16,86,54,140,118]: 39
[0,0,0,4,1], edge:[16,86,54,140,118]: 39
[0,0,0,4,2], edge:[16,86,54,134,117]: 38
[0,0,1,0,0], edge:[14,92,88,140,102]: 47
[0,0,1,0,1], edge:[14,92,88,140,102]: 47
[0,0,1,0,2], edge:[13,73,78,114,97]: 42
[0,0,1,0,3], edge:[8,41,51,64,72]: 28
[0,0,1,1,0], edge:[14,92,88,140,102]: 47
[0,0,1,1,1], edge:[14,92,88,140,102]: 47
[0,0,1,1,2], edge:[13,73,78,114,97]: 42
[0,0,1,1,3], edge:[8,41,51,64,72]: 28
[0,0,1,2,0], edge:[14,92,88,140,102]: 47
[0,0,1,2,1], edge:[14,92,88,140,102]: 47
[0,0,1,2,2], edge:[13,73,78,114,97]: 42
[0,0,1,2,3], edge:[5,23,36,45,47]: 18
[0,0,1,3,0], edge:[13,75,81,133,88]: 42
[0,0,1,3,1], edge:[13,75,81,133,88]: 42
[0,0,1,3,2], edge:[11,29,46,76,66]: 27
[0,0,1,3,3], edge:[4,23,32,43,43]: 17
[0,0,1,4,0], edge:[7,43,43,68,30]: 20
[0,0,1,4,1], edge:[6,29,38,61,28]: 18
[0,0,2,0,0], edge:[6,55,73,88,55]: 32
[0,0,2,0,1], edge:[6,48,68,86,54]: 29
[0,0,2,0,2], edge:[4,16,36,30,34]: 16
[0,0,2,0,3], edge:[1,1,14,16,18]: 7
[0,0,2,1,0], edge:[6,48,68,86,54]: 29
[0,0,2,1,1], edge:[6,48,68,86,54]: 29
[0,0,2,1,2], edge:[4,16,36,30,34]: 16
[0,0,2,1,3], edge:[1,1,14,16,18]: 7
[0,0,2,2,0], edge:[6,48,68,86,54]: 29
[0,0,2,2,1], edge:[6,48,68,86,54]: 29
[0,0,2,2,2], edge:[4,10,31,29,30]: 14
[0,0,2,2,3], edge:[1,1,14,16,18]: 7
[0,0,2,3,0], edge:[6,45,66,84,53]: 28
[0,0,2,3,1], edge:[6,45,66,84,53]: 28
[0,0,2,3,2], edge:[1,1,14,16,18]: 7
[0,0,2,3,3], edge:[1,1,14,16,18]: 7
[0,0,2,4,0], edge:[1,14,16,32,8]: 9
[0,0,2,4,1], edge:[1,14,16,32,8]: 9
[0,0,3,0,0], edge:[5,31,57,60,39]: 23
[0,0,3,0,1], edge:[4,18,46,44,37]: 19
[0,0,3,0,2], edge:[4,16,36,30,34]: 16
[0,0,3,1,0], edge:[5,31,57,60,39]: 23
[0,0,3,1,1], edge:[4,18,46,44,37]: 19
[0,0,3,1,2], edge:[4,16,36,30,34]: 16
[0,0,3,2,0], edge:[5,31,57,60,39]: 23
[0,0,3,2,1], edge:[4,18,46,44,37]: 19
[0,0,3,2,2], edge:[3,8,29,26,25]: 13
[0,0,3,3,0], edge:[5,31,57,60,39]: 23
[0,0,3,3,1], edge:[4,18,46,44,37]: 19
[0,1,0,0,0], edge:[8,124,33,62,68]: 32
[0,1,0,0,1], edge:[8,124,33,62,68]: 32
[0,1,0,0,2], edge:[8,98,30,49,62]: 26
[0,1,0,0,3], edge:[2,48,12,22,40]: 15
[0,1,0,1,0], edge:[8,124,33,62,68]: 32
[0,1,0,1,1], edge:[8,124,33,62,68]: 32
[0,1,0,1,2], edge:[8,96,30,49,60]: 25
[0,1,0,1,3], edge:[2,43,11,22,36]: 14
[0,1,0,2,0], edge:[7,107,29,59,63]: 29
[0,1,0,2,1], edge:[7,107,29,59,63]: 29
[0,1,0,2,2], edge:[7,79,25,46,54]: 22
[0,1,0,2,3], edge:[2,33,11,20,30]: 12
[0,1,0,3,0], edge:[5,45,17,39,36]: 16
[0,1,0,3,1], edge:[5,45,17,39,36]: 16
[0,1,0,3,2], edge:[5,40,16,34,35]: 15
[0,1,1,0,0], edge:[4,80,33,39,30]: 24
[0,1,1,0,1], edge:[3,60,28,25,30]: 20
[0,1,1,0,2], edge:[2,28,17,15,20]: 12
[0,1,1,1,0], edge:[4,76,32,39,29]: 23
[0,1,1,1,1], edge:[3,54,25,25,28]: 18
[0,1,1,1,2], edge:[2,28,17,15,20]: 12
[0,1,1,2,0], edge:[2,43,22,29,14]: 14
[0,1,1,2,1], edge:[1,12,10,10,11]: 6
[0,1,1,2,2], edge:[1,12,10,10,11]: 6
[0,1,1,3,0], edge:[1,14,7,15,2]: 6
[0,1,2,0,0], edge:[2,36,23,17,10]: 14
[0,1,2,0,1], edge:[1,12,12,7,8]: 7
[0,1,2,0,2], edge:[1,6,5,4,5]: 4
[0,1,2,1,0], edge:[2,27,19,17,9]: 11
[0,1,2,1,1], edge:[1,12,12,7,8]: 7
[0,1,2,1,2], edge:[1,6,5,4,5]: 4
[0,1,2,2,0], edge:[1,13,13,11,7]: 8
[0,1,2,2,1], edge:[1,4,6,5,4]: 4
[0,2,0,0,0], edge:[8,124,33,62,68]: 32
[0,2,0,0,1], edge:[8,124,33,62,68]: 32
[0,2,0,0,2], edge:[8,98,30,49,62]: 26
[0,2,0,0,3], edge:[2,48,12,22,40]: 15
[0,2,0,1,0], edge:[8,124,33,62,68]: 32
[0,2,0,1,1], edge:[8,124,33,62,68]: 32
[0,2,0,1,2], edge:[8,96,30,49,60]: 25
[0,2,0,1,3], edge:[2,43,11,22,36]: 14
[0,2,0,2,0], edge:[7,107,29,59,63]: 29
[0,2,0,2,1], edge:[7,107,29,59,63]: 29
[0,2,0,2,2], edge:[7,79,25,46,54]: 22
[0,2,0,2,3], edge:[2,33,11,20,30]: 12
[0,2,0,3,0], edge:[1,14,7,15,2]: 6
[0,2,1,0,0], edge:[4,79,32,38,30]: 23
[0,2,1,0,1], edge:[3,60,28,25,30]: 20
[0,2,1,0,2], edge:[2,28,17,15,20]: 12
[0,2,1,1,0], edge:[4,75,31,38,29]: 22
[0,2,1,1,1], edge:[3,54,25,25,28]: 18
[0,2,1,1,2], edge:[2,28,17,15,20]: 12
[0,2,1,2,0], edge:[2,43,22,29,14]: 14
[0,2,1,2,1], edge:[1,12,10,10,11]: 6
[0,2,1,2,2], edge:[1,12,10,10,11]: 6
[0,2,1,3,0], edge:[1,14,7,15,2]: 6
[0,2,2,0,0], edge:[2,36,23,17,10]: 14
[0,2,2,0,1], edge:[1,8,9,6,6]: 5
[0,2,2,0,2], edge:[1,6,5,4,5]: 4
[0,2,2,1,0], edge:[2,27,19,17,9]: 11
[0,2,2,1,1], edge:[1,8,9,6,6]: 5
[0,2,2,1,2], edge:[1,6,5,4,5]: 4
[0,2,2,2,0], edge:[1,13,13,11,7]: 8
[0,3,0,0,0], edge:[7,118,32,53,64]: 29
[0,3,0,0,1], edge:[7,118,32,53,64]: 29
[0,3,0,0,2], edge:[7,94,30,43,58]: 24
[0,3,0,0,3], edge:[2,48,12,22,40]: 15
[0,3,0,1,0], edge:[7,118,32,53,64]: 29
[0,3,0,1,1], edge:[7,118,32,53,64]: 29
[0,3,0,1,2], edge:[7,94,30,43,58]: 24
[0,3,0,1,3], edge:[2,43,11,22,36]: 14
[0,3,0,2,0], edge:[6,94,27,49,57]: 25
[0,3,0,2,1], edge:[6,94,27,49,57]: 25
[0,3,0,2,2], edge:[6,77,25,40,52]: 21
[0,3,0,2,3], edge:[2,33,11,20,30]: 12
[0,3,0,3,0], edge:[1,14,7,15,2]: 6
[0,3,1,0,0], edge:[4,77,30,37,29]: 22
[0,3,1,0,1], edge:[3,58,26,25,29]: 19
[0,3,1,0,2], edge:[1,18,12,11,14]: 8
[0,3,1,1,0], edge:[4,73,29,37,28]: 21
[0,3,1,1,1], edge:[3,54,25,25,28]: 18
[0,3,1,2,0], edge:[2,43,22,29,14]: 14
[0,3,1,3,0], edge:[1,14,7,15,2]: 6
[0,3,2,0,0], edge:[2,27,19,17,9]: 11
[0,3,2,1,0], edge:[2,27,19,17,9]: 11
[0,4,0,0,0], edge:[7,112,25,48,60]: 27
[0,4,0,0,1], edge:[7,112,25,48,60]: 27
[0,4,0,0,2], edge:[7,88,23,39,54]: 22
[0,4,0,1,0], edge:[7,95,24,44,55]: 23
[0,4,0,1,1], edge:[7,95,24,44,55]: 23
[0,4,0,1,2], edge:[7,88,23,39,54]: 22
[0,4,0,2,0], edge:[6,81,21,42,51]: 21
[0,4,0,2,1], edge:[6,81,21,42,51]: 21
[0,4,0,2,2], edge:[6,74,20,37,50]: 20
[0,4,1,0,0], edge:[2,61,21,28,19]: 17
[0,4,1,1,0], edge:[2,46,18,27,17]: 14
[0,4,1,2,0], edge:[1,27,9,19,2]: 8
[0,5,0,0,0], edge:[5,73,14,33,38]: 17
[0,5,0,0,1], edge:[5,73,14,33,38]: 17
[0,5,0,0,2], edge:[5,66,13,28,37]: 16
[0,5,0,1,0], edge:[5,73,14,33,38]: 17
[0,5,0,1,1], edge:[5,73,14,33,38]: 17
[0,5,0,1,2], edge:[5,66,13,28,37]: 16
[1,0,0,0,0], edge:[21,25,18,35,37]: 25
[1,0,0,0,1], edge:[21,25,18,35,37]: 25
[1,0,0,0,2], edge:[15,6,11,23,27]: 17
[1,0,0,1,0], edge:[21,25,18,35,37]: 25
[1,0,0,1,1], edge:[21,25,18,35,37]: 25
[1,0,0,1,2], edge:[15,6,11,23,27]: 17
[1,0,0,2,0], edge:[13,5,8,23,19]: 14
[1,0,0,2,1], edge:[13,5,8,23,19]: 14
[1,0,0,2,2], edge:[8,1,6,16,13]: 9
[1,0,1,0,0], edge:[13,19,16,18,16]: 18
[1,0,1,0,1], edge:[11,15,13,14,15]: 14
[1,0,1,0,2], edge:[6,1,6,7,7]: 5
[1,0,1,1,0], edge:[12,15,14,18,15]: 16
[1,0,1,1,1], edge:[10,12,11,14,14]: 12
[1,0,1,1,2], edge:[6,1,6,7,7]: 5
[1,0,1,2,0], edge:[5,1,3,6,5]: 4
[1,0,1,2,1], edge:[5,1,3,6,5]: 4
[1,0,1,2,2], edge:[5,1,3,6,5]: 4
[1,0,2,0,0], edge:[3,1,5,4,5]: 4
[1,0,2,0,1], edge:[3,1,5,4,5]: 4
[1,0,2,0,2], edge:[3,1,5,4,5]: 4
[1,0,2,1,0], edge:[3,1,5,4,5]: 4
[1,0,2,1,1], edge:[3,1,5,4,5]: 4
[1,0,2,1,2], edge:[3,1,5,4,5]: 4
[1,1,0,0,0], edge:[8,17,5,10,12]: 11
[1,1,0,0,1], edge:[8,17,5,10,12]: 11
[1,1,0,1,0], edge:[7,14,4,10,11]: 10
[1,1,0,1,1], edge:[7,14,4,10,11]: 10
[1,1,1,0,0], edge:[4,10,4,6,5]: 8
[1,1,1,0,1], edge:[3,9,3,5,5]: 6
[1,1,1,1,0], edge:[4,10,4,6,5]: 8
[1,1,1,1,1], edge:[3,9,3,5,5]: 6
[1,2,0,0,0], edge:[7,16,5,8,11]: 10
[1,2,0,0,1], edge:[7,16,5,8,11]: 10
[1,2,0,1,0], edge:[6,13,4,8,10]: 9
[1,2,0,1,1], edge:[6,13,4,8,10]: 9
[1,2,1,0,0], edge:[3,9,3,5,5]: 6
[1,2,1,0,1], edge:[3,9,3,5,5]: 6
[1,2,1,1,0], edge:[3,9,3,5,5]: 6
[1,2,1,1,1], edge:[3,9,3,5,5]: 6
[2,0,0,0,0], edge:[11,7,6,11,10]: 9
[2,0,0,0,1], edge:[11,7,6,11,10]: 9
[2,0,0,0,2], edge:[5,1,3,6,5]: 4
[2,0,0,1,0], edge:[11,7,6,11,10]: 9
[2,0,0,1,1], edge:[11,7,6,11,10]: 9
[2,0,0,1,2], edge:[5,1,3,6,5]: 4
[2,0,0,2,0], edge:[5,1,3,6,5]: 4
[2,0,0,2,1], edge:[5,1,3,6,5]: 4
[2,0,0,2,2], edge:[5,1,3,6,5]: 4
[2,0,1,0,0], edge:[5,1,3,6,5]: 4
[2,0,1,0,1], edge:[5,1,3,6,5]: 4
[2,0,1,0,2], edge:[5,1,3,6,5]: 4
[2,0,1,1,0], edge:[5,1,3,6,5]: 4
[2,0,1,1,1], edge:[5,1,3,6,5]: 4
[2,0,1,1,2], edge:[5,1,3,6,5]: 4
[2,0,1,2,0], edge:[5,1,3,6,5]: 4
[2,0,1,2,1], edge:[5,1,3,6,5]: 4
[2,0,1,2,2], edge:[5,1,3,6,5]: 4
