[0,0,0,0,0]: 61
0 1 2 3 4 5 6 7 8 9 10 11 12 13 14 15 16 17 18 19 20 21 22 23 24 25 26 27 28 29 30 31 32 33 34 35 36 37 38 39 40 41 42 43 44 45 46 47 48 49 50 51 52 53 54 55 56 57 58 59 60
[1,0,0,0,0]: 25
0 1 2 3 4 5 6 7 8 9 10 11 12 13 14 15 16 17 18 19 20 21 22 23 24
[2,0,0,0,0]: 15
0 1 4 5 6 7 8 9 10 11 12 13 14 15 24
[3,0,0,0,0]: 9
4 6 7 10 12 13 14 15 24
[3,0,0,1,0]: 9
4 6 7 10 12 13 14 15 24
[3,0,0,1,1]: 9
4 6 7 10 12 13 14 15 24
[3,0,0,0,1]: 9
4 6 7 10 12 13 14 15 24
[2,0,1,0,0]: 4
4 6 7 24
[2,0,1,1,0]: 4
4 6 7 24
[2,0,1,2,0]: 4
4 6 7 24
[2,0,1,2,1]: 4
4 6 7 24
[2,0,1,2,2]: 4
4 6 7 24
[2,0,1,1,1]: 4
4 6 7 24
[2,0,1,1,2]: 4
4 6 7 24
[2,0,1,0,1]: 4
4 6 7 24
[2,0,1,0,2]: 4
4 6 7 24
[2,0,0,1,0]: 9
4 6 7 10 12 13 14 15 24
[2,0,0,2,0]: 4
4 6 7 24
[2,0,0,2,1]: 4
4 6 7 24
[2,0,0,2,2]: 4
4 6 7 24
[2,0,0,1,1]: 9
4 6 7 10 12 13 14 15 24
[2,0,0,1,2]: 4
4 6 7 24
[2,0,0,0,1]: 15
0 1 4 5 6 7 8 9 10 11 12 13 14 15 24
[2,0,0,0,2]: 4
4 6 7 24
[1,1,0,0,0]: 11
2 3 4 7 10 11 12 13 14 22 23
[1,2,0,0,0]: 10
2 3 4 7 10 12 13 14 22 23
[1,2,1,0,0]: 6
2 3 4 7 22 23
[1,2,1,1,0]: 6
2 3 4 7 22 23
[1,2,1,1,1]: 6
2 3 4 7 22 23
[1,2,1,0,1]: 6
2 3 4 7 22 23
[1,2,0,1,0]: 9
2 3 4 7 10 12 14 22 23
[1,2,0,1,1]: 9
2 3 4 7 10 12 14 22 23
[1,2,0,0,1]: 10
2 3 4 7 10 12 13 14 22 23
[1,1,1,0,0]: 8
2 3 4 7 12 14 22 23
[1,1,1,1,0]: 8
2 3 4 7 12 14 22 23
[1,1,1,1,1]: 6
2 3 4 7 22 23
[1,1,1,0,1]: 6
2 3 4 7 22 23
[1,1,0,1,0]: 10
2 3 4 7 10 11 12 14 22 23
[1,1,0,1,1]: 10
2 3 4 7 10 11 12 14 22 23
[1,1,0,0,1]: 11
2 3 4 7 10 11 12 13 14 22 23
[1,0,1,0,0]: 18
0 1 2 3 4 5 6 7 9 12 13 14 15 18 19 22 23 24
[1,0,2,0,0]: 4
4 5 7 24
[1,0,2,1,0]: 4
4 5 7 24
[1,0,2,1,1]: 4
4 5 7 24
[1,0,2,1,2]: 4
4 5 7 24
[1,0,2,0,1]: 4
4 5 7 24
[1,0,2,0,2]: 4
4 5 7 24
[1,0,1,1,0]: 16
0 1 2 3 4 5 6 7 9 12 13 14 15 22 23 24
[1,0,1,2,0]: 4
4 6 7 24
[1,0,1,2,1]: 4
4 6 7 24
[1,0,1,2,2]: 4
4 6 7 24
[1,0,1,1,1]: 12
0 1 2 3 4 5 6 7 9 22 23 24
[1,0,1,1,2]: 5
4 5 6 7 24
[1,0,1,0,1]: 14
0 1 2 3 4 5 6 7 9 18 19 22 23 24
[1,0,1,0,2]: 5
4 5 6 7 24
[1,0,0,1,0]: 25
0 1 2 3 4 5 6 7 8 9 10 11 12 13 14 15 16 17 18 19 20 21 22 23 24
[1,0,0,2,0]: 14
0 1 4 6 7 9 10 11 12 14 15 20 21 24
[1,0,0,2,1]: 14
0 1 4 6 7 9 10 11 12 14 15 20 21 24
[1,0,0,2,2]: 9
0 1 4 6 7 9 20 21 24
[1,0,0,1,1]: 25
0 1 2 3 4 5 6 7 8 9 10 11 12 13 14 15 16 17 18 19 20 21 22 23 24
[1,0,0,1,2]: 17
0 1 2 3 4 5 6 7 8 9 10 11 13 15 20 21 24
[1,0,0,0,1]: 25
0 1 2 3 4 5 6 7 8 9 10 11 12 13 14 15 16 17 18 19 20 21 22 23 24
[1,0,0,0,2]: 17
0 1 2 3 4 5 6 7 8 9 10 11 13 15 20 21 24
[0,1,0,0,0]: 32
0 2 3 4 7 10 11 12 13 14 18 22 23 25 26 27 28 29 30 31 32 33 34 35 36 37 38 39 40 41 42 43
[0,2,0,0,0]: 32
0 2 3 4 7 10 11 12 13 14 18 22 23 25 26 27 28 29 30 31 32 33 34 35 36 37 38 39 40 41 42 43
[0,3,0,0,0]: 29
0 2 3 4 7 10 12 13 14 18 22 23 25 26 27 28 29 30 31 32 33 34 35 36 38 39 40 42 43
[0,4,0,0,0]: 27
0 2 3 4 7 10 12 13 14 18 22 23 25 26 27 28 29 30 31 32 33 34 35 36 39 42 43
[0,5,0,0,0]: 17
4 7 10 12 13 14 18 23 26 29 30 31 32 33 34 36 42
[0,5,0,1,0]: 17
4 7 10 12 13 14 18 23 26 29 30 31 32 33 34 36 42
[0,5,0,1,1]: 17
4 7 10 12 13 14 18 23 26 29 30 31 32 33 34 36 42
[0,5,0,1,2]: 16
4 7 10 12 13 14 18 23 26 29 30 31 32 33 34 36
[0,5,0,0,1]: 17
4 7 10 12 13 14 18 23 26 29 30 31 32 33 34 36 42
[0,5,0,0,2]: 16
4 7 10 12 13 14 18 23 26 29 30 31 32 33 34 36
[0,4,1,0,0]: 17
2 4 7 12 13 14 18 28 29 31 32 33 34 35 36 39 42
[0,4,1,1,0]: 14
4 7 12 13 14 28 29 31 32 33 34 35 36 42
[0,4,1,2,0]: 8
12 13 14 29 31 32 33 42
[0,4,0,1,0]: 23
2 3 4 7 10 12 13 14 18 22 23 25 26 28 29 30 31 32 33 34 35 36 42
[0,4,0,2,0]: 21
3 4 7 10 12 13 14 22 23 25 26 28 29 30 31 32 33 34 35 36 42
[0,4,0,2,1]: 21
3 4 7 10 12 13 14 22 23 25 26 28 29 30 31 32 33 34 35 36 42
[0,4,0,2,2]: 20
3 4 7 10 12 13 14 22 23 25 26 28 29 30 31 32 33 34 35 36
[0,4,0,1,1]: 23
2 3 4 7 10 12 13 14 18 22 23 25 26 28 29 30 31 32 33 34 35 36 42
[0,4,0,1,2]: 22
2 3 4 7 10 12 13 14 18 22 23 25 26 28 29 30 31 32 33 34 35 36
[0,4,0,0,1]: 27
0 2 3 4 7 10 12 13 14 18 22 23 25 26 27 28 29 30 31 32 33 34 35 36 39 42 43
[0,4,0,0,2]: 22
2 3 4 7 10 12 13 14 18 22 23 25 26 28 29 30 31 32 33 34 35 36
[0,3,1,0,0]: 22
2 3 4 7 12 13 14 18 22 23 25 28 29 31 32 33 34 35 36 38 39 42
[0,3,2,0,0]: 11
4 7 12 14 28 29 31 32 33 35 38
[0,3,2,1,0]: 11
4 7 12 14 28 29 31 32 33 35 38
[0,3,1,1,0]: 21
2 3 4 7 12 13 14 18 22 23 25 28 29 31 32 33 34 35 36 38 42
[0,3,1,2,0]: 14
4 7 12 13 14 28 29 31 32 33 35 36 38 42
[0,3,1,3,0]: 6
12 14 31 32 33 42
[0,3,1,1,1]: 18
2 3 4 7 14 18 22 23 25 28 29 31 32 33 34 35 36 38
[0,3,1,0,1]: 19
2 3 4 7 14 18 22 23 25 28 29 31 32 33 34 35 36 38 39
[0,3,1,0,2]: 8
4 7 28 33 34 35 36 38
[0,3,0,1,0]: 29
0 2 3 4 7 10 12 13 14 18 22 23 25 26 27 28 29 30 31 32 33 34 35 36 38 39 40 42 43
[0,3,0,2,0]: 25
3 4 7 10 12 13 14 22 23 25 26 27 28 29 30 31 32 33 34 35 36 38 39 42 43
[0,3,0,3,0]: 6
12 14 31 32 33 42
[0,3,0,2,1]: 25
3 4 7 10 12 13 14 22 23 25 26 27 28 29 30 31 32 33 34 35 36 38 39 42 43
[0,3,0,2,2]: 21
3 4 7 10 12 13 14 22 23 25 26 28 29 30 31 32 33 34 35 36 38
[0,3,0,2,3]: 12
4 7 10 14 26 28 30 32 33 34 35 36
[0,3,0,1,1]: 29
0 2 3 4 7 10 12 13 14 18 22 23 25 26 27 28 29 30 31 32 33 34 35 36 38 39 40 42 43
[0,3,0,1,2]: 24
2 3 4 7 10 12 13 14 18 22 23 25 26 28 29 30 31 32 33 34 35 36 38 40
[0,3,0,1,3]: 14
3 4 7 10 14 23 26 28 30 32 33 34 35 36
[0,3,0,0,1]: 29
0 2 3 4 7 10 12 13 14 18 22 23 25 26 27 28 29 30 31 32 33 34 35 36 38 39 40 42 43
[0,3,0,0,2]: 24
2 3 4 7 10 12 13 14 18 22 23 25 26 28 29 30 31 32 33 34 35 36 38 40
[0,3,0,0,3]: 15
3 4 7 10 14 23 26 28 29 30 32 33 34 35 36
[0,2,1,0,0]: 23
2 3 4 7 12 13 14 18 22 23 25 28 29 31 32 33 34 35 36 38 39 40 42
[0,2,2,0,0]: 14
2 4 7 12 14 18 28 29 31 32 33 35 38 40
[0,2,2,1,0]: 11
4 7 12 14 28 29 31 32 33 35 38
[0,2,2,2,0]: 8
4 7 14 28 31 32 33 38
[0,2,2,1,1]: 5
4 7 28 35 38
[0,2,2,1,2]: 4
4 7 28 35
[0,2,2,0,1]: 5
4 7 28 35 38
[0,2,2,0,2]: 4
4 7 28 35
[0,2,1,1,0]: 22
2 3 4 7 12 13 14 18 22 23 25 28 29 31 32 33 34 35 36 38 40 42
[0,2,1,2,0]: 14
4 7 12 13 14 28 29 31 32 33 35 36 38 42
[0,2,1,3,0]: 6
12 14 31 32 33 42
[0,2,1,2,1]: 6
4 7 28 35 36 38
[0,2,1,2,2]: 6
4 7 28 35 36 38
[0,2,1,1,1]: 18
2 3 4 7 14 18 22 23 25 28 29 31 32 33 34 35 36 38
[0,2,1,1,2]: 12
4 7 22 23 25 28 32 33 34 35 36 38
[0,2,1,0,1]: 20
2 3 4 7 14 18 22 23 25 28 29 31 32 33 34 35 36 38 39 40
[0,2,1,0,2]: 12
4 7 22 23 25 28 32 33 34 35 36 38
[0,2,0,1,0]: 32
0 2 3 4 7 10 11 12 13 14 18 22 23 25 26 27 28 29 30 31 32 33 34 35 36 37 38 39 40 41 42 43
[0,2,0,2,0]: 29
0 3 4 7 10 11 12 13 14 22 23 25 26 27 28 29 30 31 32 33 34 35 36 38 39 40 41 42 43
[0,2,0,3,0]: 6
12 14 31 32 33 42
[0,2,0,2,1]: 29
0 3 4 7 10 11 12 13 14 22 23 25 26 27 28 29 30 31 32 33 34 35 36 38 39 40 41 42 43
[0,2,0,2,2]: 22
3 4 7 10 11 12 13 14 22 23 25 26 28 29 30 31 32 33 34 35 36 38
[0,2,0,2,3]: 12
4 7 10 14 26 28 30 32 33 34 35 36
[0,2,0,1,1]: 32
0 2 3 4 7 10 11 12 13 14 18 22 23 25 26 27 28 29 30 31 32 33 34 35 36 37 38 39 40 41 42 43
[0,2,0,1,2]: 25
2 3 4 7 10 11 12 13 14 18 22 23 25 26 28 29 30 31 32 33 34 35 36 38 40
[0,2,0,1,3]: 14
3 4 7 10 14 23 26 28 30 32 33 34 35 36
[0,2,0,0,1]: 32
0 2 3 4 7 10 11 12 13 14 18 22 23 25 26 27 28 29 30 31 32 33 34 35 36 37 38 39 40 41 42 43
[0,2,0,0,2]: 26
2 3 4 7 10 11 12 13 14 18 22 23 25 26 28 29 30 31 32 33 34 35 36 38 40 43
[0,2,0,0,3]: 15
3 4 7 10 14 23 26 28 29 30 32 33 34 35 36
[0,1,1,0,0]: 24
2 3 4 7 12 13 14 18 22 23 25 28 29 31 32 33 34 35 36 38 39 40 41 42
[0,1,2,0,0]: 14
2 4 7 12 14 18 28 29 31 32 33 35 38 40
[0,1,2,1,0]: 11
4 7 12 14 28 29 31 32 33 35 38
[0,1,2,2,0]: 8
4 7 14 28 31 32 33 38
[0,1,2,2,1]: 4
4 7 28 38
[0,1,2,1,1]: 7
4 7 28 32 33 35 38
[0,1,2,1,2]: 4
4 7 28 35
[0,1,2,0,1]: 7
4 7 28 32 33 35 38
[0,1,2,0,2]: 4
4 7 28 35
[0,1,1,1,0]: 23
2 3 4 7 12 13 14 18 22 23 25 28 29 31 32 33 34 35 36 38 40 41 42
[0,1,1,2,0]: 14
4 7 12 13 14 28 29 31 32 33 35 36 38 42
[0,1,1,3,0]: 6
12 14 31 32 33 42
[0,1,1,2,1]: 6
4 7 28 35 36 38
[0,1,1,2,2]: 6
4 7 28 35 36 38
[0,1,1,1,1]: 18
2 3 4 7 14 18 22 23 25 28 29 31 32 33 34 35 36 38
[0,1,1,1,2]: 12
4 7 22 23 25 28 32 33 34 35 36 38
[0,1,1,0,1]: 20
2 3 4 7 14 18 22 23 25 28 29 31 32 33 34 35 36 38 39 40
[0,1,1,0,2]: 12
4 7 22 23 25 28 32 33 34 35 36 38
[0,1,0,1,0]: 32
0 2 3 4 7 10 11 12 13 14 18 22 23 25 26 27 28 29 30 31 32 33 34 35 36 37 38 39 40 41 42 43
[0,1,0,2,0]: 29
0 3 4 7 10 11 12 13 14 22 23 25 26 27 28 29 30 31 32 33 34 35 36 38 39 40 41 42 43
[0,1,0,3,0]: 16
4 7 10 11 12 14 26 28 30 31 32 33 34 36 38 42
[0,1,0,3,1]: 16
4 7 10 11 12 14 26 28 30 31 32 33 34 36 38 42
[0,1,0,3,2]: 15
4 7 10 11 12 14 26 28 30 31 32 33 34 36 38
[0,1,0,2,1]: 29
0 3 4 7 10 11 12 13 14 22 23 25 26 27 28 29 30 31 32 33 34 35 36 38 39 40 41 42 43
[0,1,0,2,2]: 22
3 4 7 10 11 12 13 14 22 23 25 26 28 29 30 31 32 33 34 35 36 38
[0,1,0,2,3]: 12
4 7 10 14 26 28 30 32 33 34 35 36
[0,1,0,1,1]: 32
0 2 3 4 7 10 11 12 13 14 18 22 23 25 26 27 28 29 30 31 32 33 34 35 36 37 38 39 40 41 42 43
[0,1,0,1,2]: 25
2 3 4 7 10 11 12 13 14 18 22 23 25 26 28 29 30 31 32 33 34 35 36 38 40
[0,1,0,1,3]: 14
3 4 7 10 14 23 26 28 30 32 33 34 35 36
[0,1,0,0,1]: 32
0 2 3 4 7 10 11 12 13 14 18 22 23 25 26 27 28 29 30 31 32 33 34 35 36 37 38 39 40 41 42 43
[0,1,0,0,2]: 26
2 3 4 7 10 11 12 13 14 18 22 23 25 26 28 29 30 31 32 33 34 35 36 38 40 43
[0,1,0,0,3]: 15
3 4 7 10 14 23 26 28 29 30 32 33 34 35 36
[0,0,1,0,0]: 47
0 1 2 3 4 5 6 7 9 12 13 14 15 16 18 19 20 21 22 23 24 25 27 28 29 31 32 33 34 35 36 38 39 40 41 42 43 44 45 46 47 48 49 50 51 52 53
[0,0,2,0,0]: 32
2 3 4 5 7 12 14 15 18 22 23 24 25 28 29 31 32 33 35 38 39 40 42 44 45 46 47 48 50 51 52 53
[0,0,3,0,0]: 23
2 3 4 5 7 12 14 15 24 28 29 31 32 33 35 38 44 45 46 48 50 51 52
[0,0,3,1,0]: 23
2 3 4 5 7 12 14 15 24 28 29 31 32 33 35 38 44 45 46 48 50 51 52
[0,0,3,2,0]: 23
2 3 4 5 7 12 14 15 24 28 29 31 32 33 35 38 44 45 46 48 50 51 52
[0,0,3,3,0]: 23
2 3 4 5 7 12 14 15 24 28 29 31 32 33 35 38 44 45 46 48 50 51 52
[0,0,3,3,1]: 19
2 3 4 5 7 24 28 31 32 33 35 38 44 45 46 48 50 51 52
[0,0,3,2,1]: 19
2 3 4 5 7 24 28 31 32 33 35 38 44 45 46 48 50 51 52
[0,0,3,2,2]: 13
3 4 5 7 24 28 35 38 44 48 50 51 52
[0,0,3,1,1]: 19
2 3 4 5 7 24 28 31 32 33 35 38 44 45 46 48 50 51 52
[0,0,3,1,2]: 16
2 3 4 5 7 24 28 32 33 35 38 44 48 50 51 52
[0,0,3,0,1]: 19
2 3 4 5 7 24 28 31 32 33 35 38 44 45 46 48 50 51 52
[0,0,3,0,2]: 16
2 3 4 5 7 24 28 32 33 35 38 44 48 50 51 52
[0,0,2,1,0]: 29
2 3 4 5 7 12 14 15 22 23 24 25 28 29 31 32 33 35 38 39 42 44 45 46 48 50 51 52 53
[0,0,2,2,0]: 29
2 3 4 5 7 12 14 15 22 23 24 25 28 29 31 32 33 35 38 39 42 44 45 46 48 50 51 52 53
[0,0,2,3,0]: 28
2 3 4 5 7 12 14 15 22 23 24 25 28 29 31 32 33 35 38 42 44 45 46 48 50 51 52 53
[0,0,2,4,0]: 9
12 14 15 31 32 33 42 46 53
[0,0,2,4,1]: 9
12 14 15 31 32 33 42 46 53
[0,0,2,3,1]: 28
2 3 4 5 7 12 14 15 22 23 24 25 28 29 31 32 33 35 38 42 44 45 46 48 50 51 52 53
[0,0,2,3,2]: 7
2 3 44 48 50 51 52
[0,0,2,3,3]: 7
2 3 44 48 50 51 52
[0,0,2,2,1]: 29
2 3 4 5 7 12 14 15 22 23 24 25 28 29 31 32 33 35 38 39 42 44 45 46 48 50 51 52 53
[0,0,2,2,2]: 14
2 3 4 5 7 24 28 35 38 44 48 50 51 52
[0,0,2,2,3]: 7
2 3 44 48 50 51 52
[0,0,2,1,1]: 29
2 3 4 5 7 12 14 15 22 23 24 25 28 29 31 32 33 35 38 39 42 44 45 46 48 50 51 52 53
[0,0,2,1,2]: 16
2 3 4 5 7 24 28 32 33 35 38 44 48 50 51 52
[0,0,2,1,3]: 7
2 3 44 48 50 51 52
[0,0,2,0,1]: 29
2 3 4 5 7 12 14 15 22 23 24 25 28 29 31 32 33 35 38 39 42 44 45 46 48 50 51 52 53
[0,0,2,0,2]: 16
2 3 4 5 7 24 28 32 33 35 38 44 48 50 51 52
[0,0,2,0,3]: 7
2 3 44 48 50 51 52
[0,0,1,1,0]: 47
0 1 2 3 4 5 6 7 9 12 13 14 15 16 18 19 20 21 22 23 24 25 27 28 29 31 32 33 34 35 36 38 39 40 41 42 43 44 45 46 47 48 49 50 51 52 53
[0,0,1,2,0]: 47
0 1 2 3 4 5 6 7 9 12 13 14 15 16 18 19 20 21 22 23 24 25 27 28 29 31 32 33 34 35 36 38 39 40 41 42 43 44 45 46 47 48 49 50 51 52 53
[0,0,1,3,0]: 42
0 1 2 3 4 5 6 7 9 12 13 14 15 20 21 22 23 24 25 27 28 29 31 32 33 35 36 38 39 40 41 42 43 44 45 46 47 48 50 51 52 53
[0,0,1,4,0]: 20
4 6 7 12 13 14 15 24 28 29 31 32 33 35 36 38 42 45 46 53
[0,0,1,4,1]: 18
4 6 7 12 14 15 24 28 31 32 33 35 36 38 42 45 46 53
[0,0,1,3,1]: 42
0 1 2 3 4 5 6 7 9 12 13 14 15 20 21 22 23 24 25 27 28 29 31 32 33 35 36 38 39 40 41 42 43 44 45 46 47 48 50 51 52 53
[0,0,1,3,2]: 27
0 1 2 3 4 5 6 7 9 20 21 22 23 24 25 28 35 36 38 40 41 44 45 48 50 51 52
[0,0,1,3,3]: 17
2 3 4 7 22 23 24 25 28 35 36 38 44 48 50 51 52
[0,0,1,2,1]: 47
0 1 2 3 4 5 6 7 9 12 13 14 15 16 18 19 20 21 22 23 24 25 27 28 29 31 32 33 34 35 36 38 39 40 41 42 43 44 45 46 47 48 49 50 51 52 53
[0,0,1,2,2]: 42
0 1 2 3 4 5 6 7 9 13 14 15 16 18 19 20 21 22 23 24 25 28 29 31 32 33 34 35 36 38 39 40 41 44 45 46 48 49 50 51 52 53
[0,0,1,2,3]: 18
2 3 4 5 7 22 23 24 25 28 35 36 38 44 48 50 51 52
[0,0,1,1,1]: 47
0 1 2 3 4 5 6 7 9 12 13 14 15 16 18 19 20 21 22 23 24 25 27 28 29 31 32 33 34 35 36 38 39 40 41 42 43 44 45 46 47 48 49 50 51 52 53
[0,0,1,1,2]: 42
0 1 2 3 4 5 6 7 9 13 14 15 16 18 19 20 21 22 23 24 25 28 29 31 32 33 34 35 36 38 39 40 41 44 45 46 48 49 50 51 52 53
[0,0,1,1,3]: 28
0 1 2 3 4 5 7 9 20 21 22 23 24 25 28 32 33 34 35 36 38 40 44 46 48 50 51 52
[0,0,1,0,1]: 47
0 1 2 3 4 5 6 7 9 12 13 14 15 16 18 19 20 21 22 23 24 25 27 28 29 31 32 33 34 35 36 38 39 40 41 42 43 44 45 46 47 48 49 50 51 52 53
[0,0,1,0,2]: 42
0 1 2 3 4 5 6 7 9 13 14 15 16 18 19 20 21 22 23 24 25 28 29 31 32 33 34 35 36 38 39 40 41 44 45 46 48 49 50 51 52 53
[0,0,1,0,3]: 28
0 1 2 3 4 5 7 9 20 21 22 23 24 25 28 32 33 34 35 36 38 40 44 46 48 50 51 52
[0,0,0,1,0]: 60
0 1 2 3 4 5 6 7 8 9 10 11 12 13 14 15 16 17 18 19 20 21 22 23 24 25 26 27 28 29 30 31 32 33 34 35 36 37 38 39 40 41 42 43 44 45 46 47 48 49 50 51 52 53 54 55 56 57 58 59
[0,0,0,2,0]: 57
0 1 2 3 4 5 6 7 8 9 10 11 12 13 14 15 16 17 18 19 20 21 22 23 24 25 26 27 28 29 30 31 32 33 34 35 36 37 38 39 40 41 42 43 44 45 46 47 48 49 50 51 52 53 56 57 59
[0,0,0,3,0]: 55
0 1 2 3 4 5 6 7 8 9 10 11 12 13 14 15 17 19 20 21 22 23 24 25 26 27 28 29 30 31 32 33 34 35 36 37 38 39 40 41 42 43 44 45 46 47 48 49 50 51 52 53 56 57 59
[0,0,0,4,0]: 39
0 1 4 6 7 8 9 10 11 12 13 14 15 20 21 24 26 27 28 29 30 31 32 33 34 35 36 38 39 40 41 42 43 45 46 47 53 56 57
[0,0,0,4,1]: 39
0 1 4 6 7 8 9 10 11 12 13 14 15 20 21 24 26 27 28 29 30 31 32 33 34 35 36 38 39 40 41 42 43 45 46 47 53 56 57
[0,0,0,4,2]: 38
0 1 4 6 7 8 9 10 11 12 13 14 15 20 21 24 26 27 28 29 30 31 32 33 34 35 36 38 39 40 41 42 43 45 46 53 56 57
[0,0,0,3,1]: 55
0 1 2 3 4 5 6 7 8 9 10 11 12 13 14 15 17 19 20 21 22 23 24 25 26 27 28 29 30 31 32 33 34 35 36 37 38 39 40 41 42 43 44 45 46 47 48 49 50 51 52 53 56 57 59
[0,0,0,3,2]: 53
0 1 2 3 4 5 6 7 8 9 10 11 12 13 14 15 17 19 20 21 22 23 24 25 26 27 28 29 30 31 32 33 34 35 36 37 38 39 40 41 42 43 44 45 46 48 49 50 51 52 53 56 57
[0,0,0,3,3]: 42
0 1 2 3 4 7 8 9 10 11 12 13 14 15 20 21 22 23 24 25 26 28 29 30 31 32 33 34 35 36 38 40 41 44 46 48 50 51 52 53 56 57
[0,0,0,3,4]: 16
2 3 10 23 26 30 33 34 36 44 48 50 51 52 56 57
[0,0,0,2,1]: 57
0 1 2 3 4 5 6 7 8 9 10 11 12 13 14 15 16 17 18 19 20 21 22 23 24 25 26 27 28 29 30 31 32 33 34 35 36 37 38 39 40 41 42 43 44 45 46 47 48 49 50 51 52 53 56 57 59
[0,0,0,2,2]: 56
0 1 2 3 4 5 6 7 8 9 10 11 12 13 14 15 16 17 18 19 20 21 22 23 24 25 26 27 28 29 30 31 32 33 34 35 36 37 38 39 40 41 42 43 44 45 46 48 49 50 51 52 53 56 57 59
[0,0,0,2,3]: 47
0 1 2 3 4 5 7 8 9 10 11 12 13 14 15 16 17 20 21 22 23 24 25 26 28 29 30 31 32 33 34 35 36 38 39 40 41 44 45 46 48 50 51 52 53 56 57
[0,0,0,2,4]: 23
2 3 8 10 13 14 15 23 26 29 30 32 33 34 36 44 48 50 51 52 53 56 57
[0,0,0,1,1]: 58
0 1 2 3 4 5 6 7 8 9 10 11 12 13 14 15 16 17 18 19 20 21 22 23 24 25 26 27 28 29 30 31 32 33 34 35 36 37 38 39 40 41 42 43 44 45 46 47 48 49 50 51 52 53 56 57 58 59
[0,0,0,1,2]: 57
0 1 2 3 4 5 6 7 8 9 10 11 12 13 14 15 16 17 18 19 20 21 22 23 24 25 26 27 28 29 30 31 32 33 34 35 36 37 38 39 40 41 42 43 44 45 46 48 49 50 51 52 53 56 57 58 59
[0,0,0,1,3]: 47
0 1 2 3 4 5 7 8 9 10 11 12 13 14 15 16 17 20 21 22 23 24 25 26 28 29 30 31 32 33 34 35 36 38 39 40 41 44 45 46 48 50 51 52 53 56 57
[0,0,0,1,4]: 27
1 2 3 4 8 10 13 14 15 21 23 26 29 30 32 33 34 36 44 46 48 50 51 52 53 56 57
[0,0,0,0,1]: 60
0 1 2 3 4 5 6 7 8 9 10 11 12 13 14 15 16 17 18 19 20 21 22 23 24 25 26 27 28 29 30 31 32 33 34 35 36 37 38 39 40 41 42 43 44 45 46 47 48 49 50 51 52 53 55 56 57 58 59 60
[0,0,0,0,2]: 59
0 1 2 3 4 5 6 7 8 9 10 11 12 13 14 15 16 17 18 19 20 21 22 23 24 25 26 27 28 29 30 31 32 33 34 35 36 37 38 39 40 41 42 43 44 45 46 48 49 50 51 52 53 55 56 57 58 59 60
[0,0,0,0,3]: 48
0 1 2 3 4 5 7 8 9 10 11 12 13 14 15 16 17 20 21 22 23 24 25 26 28 29 30 31 32 33 34 35 36 38 39 40 41 44 45 46 48 50 51 52 53 55 56 57
[0,0,0,0,4]: 30
1 2 3 4 8 10 13 14 15 21 22 23 25 26 29 30 32 33 34 36 44 46 48 50 51 52 53 55 56 57
[0,0,0,0,5]: 22
1 2 3 4 8 10 21 23 26 30 32 33 34 36 44 48 50 51 52 55 56 57
